15

12 77
23
5 38
1 67
3 70
2 4
9 16
6 9
8 42
4 55
0 64
4 74
7 56
4 36
0 21
5 35
9 33
10 68
4 29
10 59
7 11
3 73
7 68
10 32
2 41
39 9

65 72
10
46 23
64 12
10 35
1 41
14 5
25 10
29 31
54 20
7 65
7 15
152 11

39 38
13
27 3
3 27
36 18
5 32
13 0
12 8
5 37
10 24
29 16
13 12
12 23
25 37
2 3
48 126

38 10
33
37 5
1 2
12 0
0 3
26 1
10 6
23 2
24 6
37 1
25 4
19 1
24 8
16 9
20 5
24 6
28 9
37 1
35 8
17 2
22 0
32 1
20 1
0 5
5 7
31 8
33 8
27 9
27 7
12 5
11 5
25 0
23 3
2 4
10 26

67 61
14
56 35
17 29
22 60
65 33
53 19
0 30
60 26
40 25
27 50
62 42
16 60
23 50
4 51
20 54
79 57

21 71
50
10 68
17 39
0 25
19 28
12 7
2 56
19 1
14 43
17 39
20 68
1 20
14 58
11 55
11 35
7 33
19 43
8 69
12 28
10 40
9 26
18 44
1 18
3 13
2 64
17 48
4 35
16 51
10 54
8 8
7 2
4 22
0 28
12 43
19 14
2 32
2 22
9 32
16 15
6 61
20 28
6 42
13 28
14 3
0 68
11 27
6 58
11 65
13 70
16 58
3 51
119 74

62 39
11
50 21
29 2
46 22
38 36
1 18
13 13
44 22
56 37
50 34
48 15
0 13
97 197

31 34
43
0 23
30 10
27 18
2 23
3 11
28 27
29 14
26 3
0 25
11 30
5 10
24 1
30 8
15 14
19 7
27 17
7 21
13 1
4 24
16 29
1 0
18 11
8 30
27 0
20 12
0 27
27 9
17 30
14 24
4 25
17 33
30 19
3 19
13 27
3 19
29 11
18 9
14 5
7 26
11 17
13 24
24 24
20 25
27 96

37 17
43
18 14
17 4
21 15
18 13
35 2
12 9
8 12
19 16
32 9
9 2
2 11
11 10
5 1
26 8
19 5
11 6
25 13
19 3
12 14
29 1
26 6
9 4
5 9
11 12
17 8
28 10
6 0
35 8
36 8
18 5
19 9
34 6
3 10
29 10
5 5
18 3
21 2
22 3
18 4
36 5
24 14
32 4
4 5
24 166

35 100
16
6 71
3 60
24 54
7 38
8 70
21 47
18 53
26 48
28 35
4 21
29 49
0 19
17 98
10 39
20 57
12 81
101 23

6 84
17
2 19
0 41
1 78
5 12
1 44
4 35
5 49
3 15
0 78
1 69
4 58
4 39
0 43
5 40
1 31
5 51
4 4
100 2

22 9
21
11 7
7 8
13 3
1 4
6 8
4 7
1 0
21 7
21 4
1 0
13 7
21 2
5 4
9 7
9 8
1 2
9 1
19 0
16 4
11 2
7 7
104 10

41 98
10
35 85
5 94
23 36
21 83
10 4
3 66
18 27
11 56
3 49
2 77
133 45

96 83
9
38 82
37 80
94 80
5 53
12 65
23 0
45 67
51 62
38 59
133 199

43 9
37
39 6
29 2
3 0
15 5
1 7
9 5
27 3
26 4
7 0
40 8
33 5
1 2
42 7
22 0
41 3
4 6
12 1
8 5
5 0
2 4
11 4
27 0
36 4
23 5
8 1
12 0
4 1
39 8
32 5
38 0
34 2
4 7
39 8
0 2
34 8
7 6
17 2
173 34
