20

185 161
57
106 72
180 155
35 160
151 128
150 69
133 55
60 27
142 107
63 119
142 57
180 139
98 148
34 4
43 70
134 94
34 89
71 75
64 30
108 147
102 31
9 49
89 150
11 57
126 157
8 60
82 82
37 84
92 29
60 133
109 79
134 116
92 30
135 137
1 137
109 53
76 122
10 37
87 27
91 130
69 157
85 13
81 149
96 157
74 95
59 106
54 139
1 104
133 132
17 111
9 34
48 12
55 152
1 26
93 20
117 28
48 82
168 147
19 8

104 173
147
71 30
5 15
8 3
77 45
56 73
58 41
5 29
98 107
37 4
0 160
5 47
47 22
102 4
9 150
18 60
33 3
66 17
57 139
83 93
9 163
15 80
24 52
20 20
52 131
44 107
72 146
49 58
78 73
103 27
36 144
19 90
55 71
75 71
40 0
3 21
79 126
102 164
3 170
34 132
74 157
35 130
59 84
11 35
44 3
9 152
84 97
67 128
53 71
91 62
77 121
89 70
63 74
44 135
61 27
92 96
41 158
58 55
34 41
55 162
71 169
38 156
70 157
84 49
22 43
34 126
18 141
3 144
99 62
40 149
65 136
6 41
88 170
87 157
90 72
99 28
6 150
34 94
44 103
49 4
34 22
25 44
16 29
94 17
40 169
76 52
4 150
37 78
24 145
30 108
85 29
62 123
88 72
2 28
39 68
33 78
99 52
76 68
29 42
31 90
33 57
69 161
100 171
56 15
92 172
47 114
44 17
53 34
13 26
21 141
68 80
37 110
90 172
92 87
6 132
100 1
75 109
98 152
87 148
6 107
103 13
7 42
43 137
9 156
10 171
20 34
86 163
96 13
21 68
90 135
58 5
40 119
61 24
1 94
78 57
89 17
79 167
84 0
73 114
5 58
72 143
100 77
46 139
13 147
60 2
97 87
97 152
68 145
1732 175

37 128
134
16 88
2 104
22 18
13 60
13 60
29 14
1 61
24 124
13 40
16 113
29 73
7 31
9 97
21 127
36 50
26 79
28 28
14 56
16 126
13 26
6 71
35 77
35 124
26 43
19 7
21 117
4 48
18 54
16 126
33 21
0 29
32 84
26 30
15 70
34 120
34 108
29 76
28 68
1 53
34 39
2 3
32 85
31 22
7 27
10 104
23 43
33 15
22 18
32 24
23 41
34 41
9 119
2 13
17 80
32 79
13 31
34 107
1 31
35 125
31 103
11 31
33 27
26 83
27 22
35 73
34 99
21 68
6 9
2 19
4 6
16 126
10 28
31 60
19 29
17 105
6 60
14 72
18 125
12 4
15 62
10 93
19 23
31 33
32 64
26 121
11 54
23 82
13 15
5 60
11 26
5 127
8 126
11 24
29 94
25 76
8 26
28 37
27 28
12 69
12 62
16 62
20 34
19 107
29 84
14 2
13 45
23 17
28 8
22 15
36 30
5 14
36 74
8 59
23 2
18 73
19 104
12 73
10 22
36 96
4 5
4 125
24 56
33 115
30 50
34 26
33 39
8 6
17 62
34 108
32 118
23 120
21 122
19 87
15 45
1768 63

14 46
49
4 36
9 31
1 29
11 5
7 43
0 41
4 19
2 0
9 8
9 38
9 21
6 15
1 44
3 6
3 2
9 22
6 40
4 36
11 2
2 0
13 10
7 43
0 0
8 8
3 4
2 6
7 33
10 2
7 18
0 33
8 5
1 34
11 35
7 26
11 8
10 40
11 20
10 3
10 38
7 12
10 27
0 29
12 36
0 39
3 19
1 12
2 17
1 18
11 35
1943 114

59 188
30
50 113
8 100
30 167
46 127
10 108
11 122
35 69
19 145
51 2
36 15
2 80
40 125
6 118
9 103
53 171
31 173
20 186
33 27
40 184
11 170
51 50
27 184
28 55
40 137
49 10
41 21
57 101
25 98
46 49
22 124
1444 31

185 139
116
130 114
105 0
171 116
107 110
14 133
45 34
137 99
102 117
1 38
105 124
150 2
175 19
121 48
35 60
135 78
140 78
29 112
7 57
59 116
91 67
171 86
56 42
81 94
19 124
73 115
49 27
106 78
137 57
88 42
14 49
5 64
57 88
151 107
97 126
28 36
67 26
86 132
14 80
148 40
71 97
136 122
183 16
128 117
142 4
120 75
40 0
163 58
114 26
123 106
3 40
66 5
95 19
166 110
178 30
1 62
160 23
46 72
173 6
94 16
33 109
180 1
87 94
8 135
54 20
7 62
52 71
34 118
107 14
162 56
149 73
68 113
143 113
38 65
12 13
21 37
19 103
49 4
183 44
32 71
133 135
183 133
88 135
39 43
95 95
1 69
46 85
35 3
163 68
142 103
166 133
43 57
76 6
130 38
132 70
31 30
173 65
62 28
110 102
86 86
176 127
52 104
116 95
47 21
23 15
157 56
118 114
170 82
95 4
120 35
143 109
19 55
37 107
100 126
17 24
135 120
163 89
264 48

178 123
67
35 30
55 44
83 82
3 21
173 106
59 4
42 108
64 15
99 96
94 88
68 32
130 38
105 21
122 79
150 24
174 3
76 2
135 6
115 51
4 3
42 0
156 5
144 81
174 41
41 6
97 121
75 86
157 0
9 50
4 104
96 65
135 98
30 53
93 28
7 21
46 24
110 60
54 6
87 28
149 10
47 119
124 112
37 52
133 8
67 2
117 112
20 45
89 84
115 113
94 103
17 116
62 118
147 22
50 64
42 56
33 35
85 105
135 104
38 50
60 42
116 113
154 55
44 24
92 18
94 88
155 66
120 33
1341 76

121 143
92
47 14
54 29
12 29
66 71
43 51
40 6
7 99
9 9
23 141
120 15
20 59
51 139
33 117
82 109
97 63
87 20
67 63
101 126
23 73
77 46
24 22
21 20
9 37
68 6
57 34
81 31
45 123
107 4
64 25
59 72
116 15
10 142
115 107
94 133
109 26
14 15
81 103
92 4
103 42
38 55
67 12
19 114
97 43
62 72
40 108
85 25
32 80
101 50
107 11
86 1
80 37
98 35
62 101
97 108
20 131
57 105
42 87
76 35
83 59
56 109
5 47
24 135
6 129
112 107
36 15
30 83
57 116
89 114
108 16
94 38
25 137
69 136
88 52
90 93
51 42
117 48
104 10
66 51
112 32
71 32
44 52
56 32
19 99
79 11
97 110
66 139
86 106
92 73
111 50
14 114
46 94
102 0
52 39

108 158
83
8 53
102 152
75 144
6 66
97 140
31 3
77 103
9 44
99 10
93 71
16 4
86 75
9 81
50 117
28 16
100 4
13 18
94 137
18 101
12 40
68 51
1 96
1 108
106 150
59 144
40 17
11 144
88 40
2 35
71 91
61 22
75 32
97 130
49 4
91 65
9 56
64 126
85 64
34 108
41 157
33 59
78 2
90 3
94 100
62 26
17 62
103 57
93 6
102 142
17 148
51 134
49 151
89 60
103 75
68 135
13 124
32 2
76 87
41 10
15 113
22 147
15 91
14 78
69 7
70 15
66 134
71 132
28 46
71 5
98 16
19 37
60 49
49 20
55 151
77 113
94 52
12 41
73 23
50 17
64 137
86 67
47 68
72 81
1715 51

50 130
16
35 14
45 54
25 5
10 1
13 71
1 24
35 96
18 36
12 116
45 114
16 27
48 57
34 42
2 119
13 11
31 26
1713 184

40 110
15
12 82
15 67
27 105
24 4
20 55
36 75
29 102
36 52
37 9
21 41
36 5
31 51
33 35
0 14
7 67
1253 19

71 172
46
69 161
12 167
22 12
17 32
29 61
0 152
2 128
62 68
3 96
16 149
47 115
65 5
14 128
32 121
37 113
66 127
36 89
58 27
0 68
23 14
22 46
13 71
24 166
6 168
52 145
67 13
45 79
12 19
39 123
15 46
37 159
70 163
30 78
15 53
61 109
18 149
18 110
22 34
67 20
44 167
50 88
29 68
33 18
42 23
0 61
18 64
1941 10

95 66
66
87 49
94 45
85 61
38 35
11 59
74 23
7 1
23 52
14 32
28 39
29 63
65 25
27 40
39 57
49 39
42 51
51 51
78 1
9 48
55 1
56 57
20 51
24 20
63 17
82 1
19 43
81 19
57 14
65 44
10 18
30 43
82 49
87 12
70 1
22 41
65 59
69 4
51 58
86 36
0 9
45 54
12 19
41 42
66 0
19 21
86 44
44 50
30 59
14 53
45 11
39 28
43 1
85 26
19 12
68 59
40 24
43 63
10 34
61 11
91 22
34 43
88 24
50 64
71 37
82 40
43 65
1502 148

18 176
133
6 162
15 52
16 109
7 142
8 155
6 170
12 134
9 9
10 129
14 33
9 151
3 31
3 74
9 129
8 84
12 67
9 107
5 74
1 109
7 75
16 77
7 23
12 159
10 101
3 149
16 40
1 45
12 96
2 114
5 125
14 157
14 69
14 28
13 82
4 92
1 50
10 55
6 129
1 93
5 47
12 41
8 158
15 135
2 15
10 33
0 76
14 133
4 171
7 102
7 6
6 91
4 153
4 48
12 116
4 99
4 138
1 154
4 90
7 156
14 48
0 142
13 77
15 175
9 10
13 74
14 123
9 94
7 134
3 80
16 146
10 116
6 160
16 35
14 134
3 46
1 83
8 171
10 38
14 159
1 9
4 158
12 115
16 104
5 24
13 44
10 175
14 42
0 110
13 71
15 151
6 157
12 4
6 123
1 12
2 45
0 170
2 81
3 91
3 91
13 25
9 153
4 169
5 69
17 167
16 44
17 23
2 129
2 92
4 50
6 165
0 29
1 61
7 7
15 18
7 34
17 169
12 124
4 34
12 86
1 67
17 159
10 110
1 15
4 4
2 9
0 109
13 125
7 28
2 69
4 43
6 0
13 31
13 15
1884 160

130 105
111
12 24
63 67
98 101
80 35
30 85
3 83
64 57
4 83
41 17
74 64
6 9
65 44
100 25
53 17
82 21
41 43
126 54
72 23
8 25
64 6
46 100
79 40
50 90
19 13
99 71
12 51
7 84
2 24
103 30
21 90
78 60
79 44
33 34
63 59
104 52
0 86
13 22
8 104
9 61
52 64
68 14
36 39
96 74
107 17
47 53
38 95
4 66
42 32
70 103
82 48
43 66
68 45
89 64
53 56
97 60
15 19
15 89
73 7
8 96
44 5
93 96
120 61
107 103
90 58
78 93
74 47
82 72
71 13
11 84
63 3
104 33
20 45
52 64
21 85
111 53
96 15
0 88
104 67
51 17
78 68
46 5
118 99
92 102
102 40
37 53
39 41
40 58
66 26
107 44
8 41
79 65
108 8
107 13
79 35
69 98
58 58
30 96
73 23
49 9
69 98
30 59
22 48
25 94
94 81
113 64
20 24
109 86
22 18
107 101
61 93
80 87
1052 107

25 184
63
5 145
22 122
6 172
5 172
18 97
7 49
2 179
0 144
5 108
10 7
1 47
4 46
5 22
1 16
10 127
14 96
1 70
3 4
13 41
9 138
1 17
18 38
18 27
15 56
1 108
0 152
3 113
21 37
15 156
1 162
2 130
2 85
17 22
21 127
12 128
18 136
20 69
7 126
16 24
17 47
3 78
22 107
9 6
2 84
8 41
8 68
18 67
10 67
22 78
8 30
11 73
17 118
3 182
7 147
4 6
22 164
19 118
19 22
22 22
8 89
0 89
3 72
8 166
668 29

169 124
33
16 51
64 86
85 110
9 59
110 0
161 111
50 69
11 101
39 80
82 107
137 121
101 90
147 40
23 66
17 114
60 11
125 84
62 105
72 52
92 45
41 57
0 86
158 108
104 1
99 90
36 29
167 118
42 83
22 78
115 68
157 67
125 116
5 79
1132 177

28 121
135
10 80
24 31
17 45
15 56
12 1
6 89
13 110
8 13
19 70
26 72
1 19
26 70
18 77
4 1
8 64
5 106
9 87
21 18
11 36
18 106
8 111
18 7
11 76
12 6
23 18
23 41
11 71
9 12
15 80
2 38
19 61
17 67
5 13
8 12
24 112
22 11
10 24
5 49
15 54
5 11
2 64
17 110
27 95
0 111
9 52
7 90
0 74
8 111
16 50
6 4
7 73
23 20
20 74
25 98
6 2
5 91
23 60
11 61
20 38
21 79
8 19
5 14
9 29
14 79
25 91
26 94
1 119
11 39
8 10
13 16
27 94
16 34
24 93
27 89
25 112
20 94
13 120
3 58
15 107
7 34
21 97
10 79
2 36
20 79
19 43
15 2
15 45
15 101
14 119
17 54
18 61
4 93
27 114
27 115
23 78
19 97
18 65
22 103
25 24
4 18
21 52
26 62
4 62
16 45
20 116
18 77
27 71
25 79
2 52
1 93
4 117
4 13
18 59
5 48
1 103
23 27
25 0
25 61
12 95
0 101
17 9
9 100
17 80
7 71
21 111
27 37
17 114
12 63
23 115
8 0
17 12
22 70
17 104
13 14
14 116
1389 57

151 159
19
47 122
61 138
31 6
135 98
135 135
19 119
31 56
48 41
82 116
106 79
29 26
141 70
117 103
33 141
143 67
117 6
48 146
20 123
60 64
1049 140

64 35
62
30 32
4 10
35 33
29 7
27 6
60 26
30 10
16 4
4 18
59 10
54 1
20 5
50 15
18 23
21 16
43 28
43 30
47 17
32 1
29 6
41 2
19 17
37 4
28 2
8 27
34 12
2 29
30 20
61 21
21 34
16 28
4 31
53 5
2 11
17 11
52 26
34 5
29 20
0 19
55 3
63 26
11 21
21 3
52 9
31 15
13 13
36 6
52 2
6 24
37 3
42 33
59 6
11 5
17 14
63 2
59 18
30 3
21 11
39 15
25 32
59 5
12 14
645 149
