20

11 19
5
4 9
4 5
6 5
4 9
5 15
8 2

123 53
16
64 10
80 46
3 32
71 45
83 30
92 51
66 47
69 37
56 48
58 45
99 21
11 44
3 23
51 44
75 39
117 17
257 43

42 101
48
11 25
1 6
19 55
2 33
34 94
24 44
28 90
27 60
27 94
24 18
27 47
32 3
31 10
19 18
2 43
27 31
41 97
3 79
5 71
1 27
41 50
39 40
33 51
33 41
22 27
17 49
12 1
29 71
15 33
6 6
38 39
4 94
20 19
38 30
31 2
28 93
0 31
17 57
9 35
11 9
25 42
15 25
36 92
15 30
30 23
20 97
39 75
24 27
1276 128

139 197
143
72 150
116 196
124 35
132 185
105 69
75 44
0 15
108 43
127 160
1 39
89 70
89 188
26 18
61 170
2 15
80 182
34 160
58 77
85 183
95 154
119 27
133 68
120 59
32 111
125 129
90 31
34 7
9 12
124 175
25 49
63 26
58 51
12 52
29 51
75 8
102 141
88 114
46 87
61 186
0 177
119 24
20 147
133 104
95 11
62 93
75 54
28 14
11 126
60 140
126 41
132 18
138 158
108 170
70 196
29 134
124 59
3 116
69 163
118 108
95 9
31 9
67 83
60 189
91 85
138 77
56 89
95 92
47 163
70 114
132 65
111 12
9 78
117 113
117 148
121 29
68 124
86 187
106 28
125 161
111 152
87 140
1 132
131 18
48 169
137 114
32 136
26 141
87 177
10 104
27 31
52 1
41 12
86 48
119 55
123 1
107 11
127 67
55 163
23 176
65 112
41 6
129 57
53 65
118 160
121 8
125 38
112 102
89 36
23 52
22 115
74 174
108 54
9 40
72 70
40 162
35 13
65 56
10 31
111 85
58 28
105 90
33 27
112 24
54 138
71 162
75 188
97 118
123 119
25 152
127 2
137 66
69 115
12 114
102 20
138 124
114 135
78 94
69 128
38 74
0 184
128 159
119 34
124 48
1942 44

103 1
66
91 0
48 0
34 0
80 0
57 0
3 0
63 0
81 0
46 0
93 0
30 0
81 0
58 0
84 0
93 0
0 0
49 0
79 0
11 0
79 0
76 0
96 0
89 0
73 0
19 0
72 0
40 0
53 0
27 0
1 0
63 0
101 0
75 0
13 0
95 0
43 0
101 0
102 0
63 0
18 0
4 0
57 0
17 0
57 0
62 0
75 0
51 0
52 0
102 0
18 0
58 0
4 0
39 0
19 0
84 0
56 0
91 0
97 0
79 0
71 0
71 0
56 0
22 0
89 0
18 0
35 0
662 48

76 118
83
71 18
60 43
67 47
73 73
22 62
35 55
6 41
8 9
6 117
19 1
22 22
23 114
40 47
12 89
8 70
74 32
50 69
69 47
21 105
59 27
4 59
37 58
19 12
13 37
34 48
51 102
26 111
18 24
24 30
49 71
52 57
67 93
61 2
29 2
3 103
73 64
10 6
55 81
4 12
34 52
5 63
74 69
56 7
56 30
7 36
62 68
22 64
47 26
12 116
64 13
0 59
19 79
39 22
57 51
16 11
12 29
59 98
65 85
39 15
68 42
44 2
22 63
35 72
51 12
68 82
65 113
29 65
51 56
18 56
67 22
29 14
23 97
20 91
70 6
54 28
71 49
39 4
20 82
17 88
48 31
68 114
20 83
24 81
969 24

71 183
8
7 181
37 3
63 75
58 129
44 26
70 68
6 75
51 59
474 75

103 66
10
31 1
101 14
57 7
100 39
55 41
8 11
44 52
1 13
0 51
27 24
1680 184

105 30
152
96 16
73 17
22 3
63 1
73 15
76 19
81 5
9 12
69 20
16 13
42 19
94 22
17 1
31 16
0 26
5 16
83 6
82 19
96 17
76 4
20 19
26 22
53 28
104 13
95 6
59 24
98 29
94 3
53 2
82 10
98 13
94 7
7 13
39 28
37 28
76 29
51 13
19 15
69 11
9 19
0 19
38 0
70 14
50 4
14 6
63 11
73 19
12 18
81 0
6 11
11 29
23 19
54 15
87 12
73 9
15 0
40 10
83 2
35 5
88 14
52 17
79 20
86 11
3 7
64 25
62 29
87 1
44 5
24 20
38 28
49 3
94 26
28 5
71 16
59 22
72 27
19 13
48 28
85 15
23 13
43 25
94 6
3 22
102 11
82 12
26 15
62 29
99 14
88 8
59 27
51 0
48 0
97 29
7 5
23 6
78 19
45 19
87 29
42 14
75 17
96 19
101 22
59 18
51 24
58 4
102 19
4 15
41 28
101 5
11 3
41 13
99 7
45 11
10 20
82 0
78 1
20 5
36 26
96 13
12 4
12 5
81 1
86 20
43 6
5 6
64 6
90 28
102 22
17 17
99 9
66 0
75 18
23 1
94 27
42 15
40 13
51 10
20 26
21 14
25 28
28 18
40 13
82 29
25 21
30 3
34 25
64 13
2 17
51 6
80 22
12 13
21 18
498 64

43 111
108
42 36
6 13
14 92
10 53
0 66
23 10
4 10
21 29
28 56
7 83
36 85
31 49
29 89
17 3
18 103
3 98
17 19
21 49
18 3
6 44
6 74
20 99
10 7
7 4
22 39
24 89
29 95
26 102
4 49
37 27
27 106
30 86
4 81
33 77
18 92
23 57
37 65
35 45
37 71
23 89
13 106
15 51
33 13
30 87
5 110
32 34
12 63
30 102
0 51
41 76
5 64
23 9
10 43
35 81
11 109
25 4
19 25
36 41
42 11
12 108
17 68
5 70
10 59
12 35
30 13
5 58
6 98
9 34
11 6
5 38
37 2
11 56
31 23
13 52
8 85
1 9
10 93
9 61
18 82
18 23
3 10
35 92
30 49
14 44
40 12
6 81
15 28
38 17
7 105
42 110
7 33
41 11
21 90
18 85
2 82
41 8
41 105
37 89
42 43
36 98
37 11
35 63
29 2
1 96
15 105
20 12
4 94
30 34
362 173

99 100
86
7 92
88 94
60 5
26 48
98 60
74 10
59 72
7 40
98 75
1 40
39 55
94 37
5 51
90 81
58 6
55 33
2 98
82 15
87 21
22 76
23 7
6 63
49 0
81 87
92 93
85 56
12 59
79 96
18 44
48 96
77 70
46 67
23 63
34 11
16 27
15 57
52 75
83 77
4 65
72 14
24 75
90 23
76 73
77 16
75 77
70 81
17 79
0 37
79 71
98 84
26 97
28 64
20 14
92 71
28 12
95 6
34 93
61 0
11 4
36 6
31 16
83 12
31 42
7 74
5 79
25 23
37 13
28 86
94 44
86 80
98 8
73 68
60 6
51 13
68 27
44 14
50 88
64 94
22 48
0 49
59 9
47 90
53 73
24 42
1 30
23 71
436 15

73 85
36
25 22
40 19
11 36
23 69
64 13
42 32
40 69
42 54
15 64
16 23
45 68
4 16
33 57
62 29
42 47
45 75
55 57
65 79
39 78
33 74
16 35
49 82
13 27
60 9
21 36
36 66
52 52
71 23
17 13
11 26
55 21
16 32
43 3
7 33
54 37
43 83
303 184

136 91
15
16 27
105 32
129 79
131 27
38 50
97 49
131 12
44 28
128 78
104 49
73 70
104 80
105 75
1 50
1 84
148 34

129 158
80
114 113
108 113
77 69
80 69
95 71
15 36
73 34
32 83
125 77
113 52
68 14
123 54
126 52
85 122
26 31
73 86
58 100
62 58
28 132
22 61
86 51
36 77
90 124
1 11
104 120
126 124
64 148
56 90
97 36
32 2
69 0
1 121
94 21
31 26
31 143
51 15
102 81
102 75
64 99
33 41
105 81
94 119
20 17
124 151
104 118
89 151
96 57
94 71
11 121
70 59
99 104
73 28
50 29
52 24
56 60
58 134
73 3
60 152
82 56
14 64
17 5
81 122
90 58
106 51
87 52
26 34
86 155
3 136
110 2
31 17
33 57
76 64
72 49
77 95
88 85
95 124
118 128
3 100
5 38
13 39
962 128

146 82
122
109 74
101 63
64 55
25 17
114 48
48 40
135 1
54 65
13 14
57 20
131 19
127 53
0 51
86 81
83 16
1 38
132 58
76 13
82 55
8 36
41 35
108 7
81 45
55 28
143 63
141 15
12 21
23 40
31 36
49 59
93 59
81 58
81 69
79 30
139 22
118 73
75 34
71 12
36 54
24 74
25 53
43 18
30 7
107 1
124 28
111 21
145 16
27 70
104 53
120 75
96 77
76 31
40 2
131 71
98 51
13 31
123 15
22 38
67 47
93 41
5 18
61 81
50 59
72 55
18 74
76 12
9 25
141 44
105 32
76 74
3 44
109 65
32 14
70 67
107 12
73 53
120 55
137 36
77 7
79 9
44 4
5 2
63 25
35 58
16 22
57 34
51 61
21 10
32 37
86 71
97 25
1 70
125 30
66 27
66 13
80 10
18 2
141 46
110 58
22 46
127 60
99 48
53 77
142 30
72 8
145 41
26 72
120 47
46 34
5 77
67 7
109 80
56 4
93 12
131 29
6 69
124 47
66 27
34 9
120 72
122 77
11 81
1840 73

164 65
45
157 21
90 8
69 2
159 26
159 59
22 3
39 62
38 38
120 62
130 39
69 11
107 45
159 20
117 44
101 24
153 63
36 11
4 56
136 52
128 34
78 36
46 18
155 17
7 5
110 9
129 41
33 6
60 25
150 7
125 30
106 54
14 22
8 20
7 42
161 56
141 20
125 52
117 1
137 37
87 3
46 37
21 16
125 4
133 10
17 47
791 3

189 116
98
56 106
88 68
85 106
33 23
54 39
91 30
21 86
186 25
143 59
171 96
75 36
93 30
4 87
1 96
2 39
114 71
93 108
126 39
143 79
82 20
27 62
159 10
9 0
17 73
88 0
69 105
95 11
182 73
133 67
125 109
129 46
100 78
186 80
62 92
86 61
105 106
116 109
130 24
157 47
166 39
42 88
26 30
126 85
140 58
67 23
153 104
28 80
151 46
24 78
16 28
42 77
27 53
76 47
62 77
45 50
105 75
173 63
33 68
69 12
135 87
170 13
188 81
130 71
32 101
122 109
120 115
157 87
171 29
66 37
111 63
152 0
73 50
105 12
181 87
113 40
3 97
145 25
18 63
157 111
73 77
108 96
100 8
24 103
49 34
49 115
103 47
182 58
17 50
86 69
124 112
20 28
96 78
102 90
30 76
26 25
130 56
55 16
48 36
1474 140

134 78
98
118 64
8 28
18 35
39 73
5 23
66 40
129 50
120 68
109 69
129 12
55 17
99 38
58 16
44 72
75 29
42 49
67 39
123 12
121 45
118 38
69 16
37 30
99 76
104 12
67 16
92 76
129 52
30 8
60 5
59 34
11 77
46 31
15 35
130 60
85 73
93 20
99 3
13 38
51 20
10 0
91 54
30 0
63 50
19 9
41 38
86 31
40 71
108 25
81 2
99 72
75 8
94 61
19 35
103 4
78 42
3 46
31 15
22 50
118 49
31 11
90 30
3 41
90 77
35 21
63 46
29 14
110 32
132 52
41 22
0 55
7 75
56 5
110 55
67 45
10 14
66 28
10 39
19 54
108 10
50 19
48 47
118 49
131 50
41 14
47 37
105 40
118 75
58 30
112 27
100 52
17 59
117 49
118 2
72 25
89 12
23 44
93 36
26 38
1342 180

91 50
92
43 49
61 20
73 45
37 35
1 8
7 29
15 6
56 4
7 17
3 48
0 15
39 35
2 12
75 30
14 14
89 16
53 18
75 27
18 44
81 19
49 3
84 2
22 46
24 21
58 26
70 0
1 5
30 26
76 32
3 48
21 16
11 33
29 7
87 32
15 25
14 26
37 43
34 21
64 10
15 39
42 14
90 16
79 24
51 45
69 45
84 32
73 33
11 22
57 34
34 19
1 38
18 13
64 46
62 41
29 10
12 40
25 27
90 2
12 8
9 9
69 41
65 31
0 15
50 36
61 46
24 32
45 32
83 2
38 21
39 46
76 12
76 45
65 47
84 11
30 13
75 39
14 26
39 24
42 16
24 16
5 6
34 48
11 36
65 5
37 37
69 27
39 22
81 19
42 33
78 36
53 14
33 45
1129 91

147 76
38
99 14
131 26
117 23
57 1
79 65
35 15
81 69
29 13
90 16
110 23
91 1
74 45
36 3
85 25
79 72
21 74
139 61
48 72
92 66
15 28
96 75
27 31
87 72
48 35
67 39
99 27
89 12
36 34
4 50
77 28
137 27
82 48
80 38
102 59
116 54
73 69
126 34
1 4
719 24
