20

117 81
43
101 16
112 15
26 8
62 45
48 60
39 30
93 66
46 18
88 10
79 55
40 44
87 51
4 23
54 52
27 37
36 37
65 11
71 73
64 67
95 14
6 70
98 23
112 42
70 78
21 18
10 27
53 8
57 73
24 73
95 33
68 10
64 57
88 71
69 0
19 39
114 46
61 14
41 27
100 29
82 9
66 49
18 79
92 61
378 103

80 71
21
59 65
65 39
24 1
38 61
56 34
9 4
32 19
35 8
12 45
76 41
24 47
14 41
38 66
52 13
1 67
32 44
52 44
56 6
9 35
79 67
28 65
489 114

190 6
140
36 0
138 2
61 2
170 3
34 4
147 5
127 2
162 2
182 0
64 4
71 4
35 4
114 4
121 5
85 3
91 0
124 1
182 1
87 3
41 1
167 0
75 1
51 5
176 3
166 0
116 5
18 0
160 4
28 3
79 3
183 2
13 3
151 5
116 2
6 4
39 1
106 2
115 4
49 3
16 1
72 4
43 5
184 2
72 4
157 0
27 0
172 0
34 5
53 5
158 0
82 2
75 1
72 4
167 5
35 0
34 1
132 4
110 4
172 5
5 0
80 1
151 1
169 4
105 2
9 3
150 5
128 5
86 1
20 5
115 0
175 4
116 0
149 5
76 1
71 2
102 0
170 0
34 4
77 4
103 4
159 2
88 1
77 1
110 0
174 3
96 5
23 3
165 5
135 0
151 1
96 5
135 3
108 5
27 2
43 3
56 4
54 0
63 5
135 2
124 0
162 0
18 0
128 0
25 2
89 1
153 4
141 5
180 3
16 1
148 2
139 5
174 0
100 0
143 3
43 5
100 3
52 3
62 1
37 4
74 0
79 4
139 1
45 5
21 3
76 2
153 1
91 3
156 1
49 0
179 2
178 4
70 4
104 1
187 2
25 2
20 4
64 0
10 0
109 4
118 2
1376 149

10 153
36
5 119
6 41
6 63
0 122
4 86
1 119
0 41
8 77
5 13
6 47
1 118
0 128
9 44
3 0
8 45
4 123
0 50
8 93
5 80
2 94
3 68
6 111
6 57
2 139
7 20
1 50
4 95
1 11
2 21
4 30
6 118
4 94
4 20
7 29
3 146
6 16
1406 114

185 144
66
77 3
65 23
64 17
73 45
16 29
31 47
52 84
108 92
125 15
60 29
184 137
120 86
100 129
22 95
163 74
164 24
19 55
132 96
23 3
15 130
52 37
29 134
115 20
179 19
98 127
118 8
111 46
158 126
181 48
59 85
66 125
4 94
173 5
63 33
95 52
178 68
142 22
51 103
106 126
150 99
142 31
184 41
147 128
14 73
133 54
54 45
101 54
41 126
83 65
168 138
26 19
110 2
44 140
148 120
29 6
173 51
72 140
167 64
97 96
151 10
131 137
123 75
144 111
89 76
15 39
122 10
1603 46

47 100
45
16 64
4 3
46 91
24 61
5 92
41 3
9 25
6 8
10 16
43 55
28 61
24 41
0 45
39 42
2 88
46 62
0 28
14 86
32 26
15 29
0 88
1 12
10 30
33 21
40 3
1 50
0 26
1 86
42 34
30 83
46 6
17 2
5 36
7 23
16 81
35 32
5 99
34 70
6 41
36 63
34 25
31 11
7 94
19 82
9 79
1356 119

133 85
6
74 6
128 33
70 7
103 18
131 67
79 44
1003 95

154 174
20
21 156
62 32
114 120
138 14
68 101
86 163
42 154
78 125
34 112
93 7
33 115
116 133
141 6
143 50
16 20
107 77
130 23
44 35
49 116
54 76
159 97

174 105
53
61 35
54 71
38 27
6 54
166 60
55 5
3 73
88 55
58 31
153 5
88 99
57 57
61 74
163 51
38 74
80 24
21 0
94 95
153 92
140 42
171 83
135 90
131 49
1 86
161 45
130 97
149 9
71 38
34 6
160 78
130 1
125 14
5 101
7 64
162 38
103 48
120 61
162 17
148 64
154 51
158 47
138 72
71 37
54 54
140 58
71 66
129 67
51 70
171 98
164 89
12 27
125 92
161 103
1102 138

88 82
123
63 26
7 38
0 81
31 62
70 45
26 5
35 11
60 48
62 74
59 30
22 28
18 51
75 20
21 41
70 0
84 33
23 69
6 42
84 36
66 81
81 58
15 81
47 67
29 20
44 33
11 7
60 38
2 70
24 67
0 71
3 71
75 28
3 52
36 27
41 8
20 72
72 16
9 40
25 50
77 73
45 22
12 1
1 49
10 10
11 39
11 53
12 76
74 64
17 64
63 34
83 9
18 41
83 61
79 53
33 78
53 45
39 12
54 38
80 7
0 79
39 55
59 26
29 12
77 43
62 56
64 38
75 6
77 66
19 77
76 62
33 34
85 12
19 0
37 17
52 6
84 27
71 26
6 46
48 53
35 18
50 58
66 43
39 69
77 24
56 46
63 7
84 60
56 2
72 22
74 19
59 53
5 31
49 6
18 32
71 21
44 77
55 18
6 23
50 81
69 51
60 23
20 50
8 34
2 12
25 28
12 7
26 63
58 44
86 63
84 78
27 66
85 8
29 29
52 16
72 27
69 6
5 60
72 9
74 66
41 1
41 41
68 63
55 2
1091 60

3 95
89
2 77
0 6
2 73
2 92
1 39
0 66
1 52
0 90
1 69
2 77
0 68
0 30
0 90
1 87
1 83
0 15
0 56
2 22
2 58
2 77
2 59
1 73
2 72
0 38
1 82
1 23
0 41
0 48
1 25
2 92
1 52
2 43
1 65
2 74
0 80
0 2
0 60
1 6
2 22
1 72
2 25
2 24
0 19
0 43
1 46
0 77
0 47
0 40
2 27
1 14
0 59
1 19
1 62
1 49
0 70
1 22
1 75
0 58
0 89
2 10
2 19
0 70
0 44
1 78
2 74
0 25
1 35
1 32
2 16
0 1
0 22
1 57
2 21
2 29
2 94
0 24
0 16
1 12
2 6
0 18
2 9
2 64
1 66
2 41
1 38
1 35
1 64
1 8
2 38
1835 80

19 107
8
7 34
1 33
4 26
13 88
5 18
17 7
12 33
5 35
984 37

198 39
23
131 29
179 19
157 3
25 2
128 4
62 1
71 26
82 7
2 1
43 12
66 28
76 32
158 5
113 4
99 26
18 17
157 22
130 6
138 20
168 0
24 3
188 4
78 16
1539 48

179 98
45
155 42
178 67
21 54
170 45
24 18
113 18
61 34
10 71
158 73
27 66
144 12
165 63
122 78
107 64
23 5
130 19
127 60
104 66
162 47
50 83
74 13
61 91
84 94
125 70
129 86
84 87
100 34
165 89
99 22
159 33
124 13
60 5
37 77
124 32
131 30
78 93
76 72
142 62
61 51
93 24
29 62
165 51
106 93
106 24
95 69
93 77

28 135
49
24 65
6 125
23 107
7 60
27 89
16 132
23 59
15 91
4 131
12 88
15 42
19 103
26 37
2 129
3 24
2 110
21 61
9 101
25 101
8 126
2 77
16 45
2 97
1 2
15 114
22 69
2 23
4 13
19 31
1 23
19 14
22 113
26 44
24 9
18 48
24 74
10 20
2 9
6 118
3 44
15 20
25 38
14 94
23 95
5 67
0 72
3 58
8 5
2 1
1468 10

12 114
100
6 6
5 100
3 11
7 109
5 14
6 53
10 44
2 56
11 33
10 94
7 94
7 1
9 112
11 65
1 65
2 93
3 110
6 57
11 96
3 92
4 98
8 102
1 56
5 74
0 5
8 18
11 66
6 70
10 62
11 15
7 12
11 12
0 108
10 28
7 78
3 4
0 105
5 11
6 9
8 51
7 66
4 11
1 3
4 16
4 76
2 109
9 102
10 98
1 45
4 14
0 68
4 94
7 74
9 61
3 24
2 33
0 104
1 17
8 99
1 3
5 99
11 63
3 98
2 92
8 110
11 110
11 59
7 46
0 111
9 47
9 97
10 50
3 98
8 103
10 61
11 18
6 4
9 56
10 27
6 83
4 86
8 72
2 19
4 71
2 21
0 46
10 31
3 46
6 36
10 71
5 41
6 87
11 102
2 110
4 24
3 13
8 80
0 105
9 7
3 28
1055 85

38 51
36
26 25
11 1
19 23
28 30
37 38
31 7
11 25
24 40
22 7
26 31
32 41
15 28
0 1
16 39
10 27
0 27
1 14
15 19
10 38
2 9
34 17
37 23
13 24
33 31
37 36
26 37
6 3
5 33
29 0
19 14
33 8
12 48
33 40
16 24
4 8
20 50
1548 16

129 86
105
2 25
33 37
64 6
16 55
72 14
84 26
10 0
58 82
65 84
15 36
11 56
97 63
102 64
117 3
121 43
110 17
41 35
82 48
69 80
105 11
101 1
6 85
100 39
115 35
6 68
51 68
88 84
74 24
45 18
120 57
11 69
39 21
6 38
119 46
80 50
122 73
76 7
82 30
114 43
101 75
113 13
51 29
5 50
56 25
103 84
35 62
2 51
114 2
96 43
110 69
18 78
58 59
106 53
38 47
81 77
104 53
45 74
5 48
50 66
115 45
19 39
5 63
82 54
58 46
2 63
92 65
15 10
2 66
48 71
2 7
27 19
3 10
73 39
73 55
7 18
99 55
116 63
104 67
52 48
15 32
3 52
85 19
29 76
26 51
23 79
112 38
110 9
4 66
89 65
3 37
14 44
27 73
127 24
8 40
44 58
101 65
43 68
16 77
36 23
8 23
84 61
119 17
87 79
128 58
69 8
1807 181

73 189
102
10 116
4 150
16 57
4 53
24 52
19 71
1 116
66 160
64 53
9 117
57 100
66 81
26 93
36 72
21 46
49 177
2 165
5 13
28 106
18 27
36 132
4 156
68 161
55 25
70 21
54 31
17 161
21 107
0 139
21 112
70 122
72 171
11 144
66 162
71 54
51 63
42 164
13 26
34 117
34 58
1 42
8 108
7 144
13 176
68 43
41 50
6 12
32 139
46 162
47 135
0 187
63 28
51 127
22 118
15 23
18 167
53 66
66 80
17 145
36 187
40 132
64 12
25 90
33 8
60 45
42 181
71 91
17 69
53 91
6 90
7 82
8 181
45 102
59 168
72 73
29 136
43 134
14 129
68 35
53 5
6 25
37 33
55 64
23 7
33 104
35 135
10 121
57 58
43 33
26 144
39 62
11 85
29 166
15 58
39 24
1 83
4 8
19 102
32 183
63 59
47 34
56 134
891 104

184 192
141
132 171
68 140
25 11
157 132
90 150
92 39
47 191
51 190
44 13
17 99
120 60
155 63
46 74
24 168
10 44
107 70
145 189
43 45
105 77
33 36
16 99
150 94
93 157
124 98
129 10
174 89
155 54
106 11
130 57
180 78
7 186
166 135
1 98
16 22
132 17
78 45
138 166
12 39
28 10
30 118
79 15
37 33
81 60
89 100
108 176
167 14
178 5
43 19
43 134
8 174
163 9
9 2
68 154
127 122
6 186
110 46
126 87
65 15
15 154
27 37
167 105
74 65
7 122
76 69
108 22
105 137
166 170
43 79
45 23
9 152
151 133
130 191
7 83
135 154
66 85
140 134
136 145
101 185
30 73
160 104
0 51
14 77
160 0
22 151
1 94
175 28
75 28
92 38
84 47
90 76
157 57
87 33
73 72
172 67
70 0
53 31
118 175
19 47
68 188
51 31
75 107
150 174
172 83
138 84
132 74
87 95
120 157
111 23
110 0
162 186
51 15
183 19
142 78
115 93
8 128
152 8
3 66
181 144
165 139
123 71
43 180
177 180
161 133
31 191
183 162
49 19
79 122
67 5
56 184
147 176
164 20
26 134
92 25
165 24
145 173
47 35
183 56
67 42
3 63
62 164
35 182
124 41
