10

46 98
64
3 61
27 72
25 48
19 20
11 27
31 60
10 91
14 72
23 53
41 52
38 91
20 15
19 82
2 95
12 33
42 38
18 41
35 31
4 56
25 62
41 38
31 19
22 43
29 25
24 37
19 61
27 39
14 2
32 30
27 20
11 67
14 65
12 24
36 6
1 67
13 59
16 64
15 61
34 31
8 86
32 53
3 49
43 91
1 22
5 88
6 69
20 55
14 57
32 41
28 56
16 86
13 75
37 29
44 89
36 24
43 59
4 48
36 37
44 96
29 39
45 88
24 77
6 57
19 82
5 1

73 60
67
52 40
55 56
57 43
13 5
61 38
26 9
10 16
8 25
56 32
70 9
21 30
43 2
63 17
63 53
50 27
62 46
58 6
24 56
45 16
12 58
40 58
26 12
70 1
46 32
33 46
35 24
23 56
65 20
46 47
53 56
65 8
25 20
27 4
69 9
6 7
42 50
32 43
28 3
58 54
1 34
12 1
54 47
53 21
9 38
67 16
19 49
14 33
13 59
8 30
46 53
56 40
71 56
32 21
22 16
24 25
43 55
19 26
65 5
20 19
2 5
20 31
13 22
11 0
67 0
5 59
9 2
42 24
9 1

44 80
19
29 8
42 29
24 13
11 19
37 26
25 33
20 10
5 9
6 17
34 69
6 8
16 36
29 66
28 49
3 73
38 1
34 58
23 25
29 74
3 1

20 10
71
3 1
0 3
18 6
0 2
14 4
18 7
12 5
13 6
14 1
5 4
13 7
13 0
4 1
16 5
17 0
0 4
5 9
19 2
10 4
11 2
17 3
8 4
15 6
0 7
9 1
2 4
7 1
6 0
5 2
5 9
14 2
1 7
18 7
4 7
0 9
6 9
1 4
2 3
7 4
8 7
2 2
17 5
8 7
4 8
2 8
1 9
14 3
9 2
8 3
1 5
1 8
8 2
15 7
4 1
4 7
9 0
1 3
17 2
8 9
16 2
1 7
11 6
18 6
4 5
18 3
13 1
12 3
6 1
1 3
6 6
7 3
3 1

67 53
46
34 45
57 1
61 21
17 3
22 43
59 3
30 4
24 45
10 22
48 28
44 35
59 49
17 37
3 17
13 50
44 46
50 19
15 12
23 29
40 47
22 2
21 51
59 19
17 43
20 28
7 11
6 24
27 3
45 49
66 50
9 15
63 48
5 24
32 38
43 0
6 17
31 19
19 39
30 6
39 17
12 41
64 40
0 1
39 24
34 37
59 39
10 1

36 80
28
8 55
18 52
4 63
14 24
6 10
16 77
15 16
6 35
31 30
35 39
8 42
21 72
25 65
17 39
28 14
8 59
21 57
12 61
3 27
9 39
18 25
6 20
35 20
28 52
7 44
0 79
22 12
14 35
5 1

22 71
53
14 45
20 15
1 32
3 13
8 6
3 39
0 36
19 63
4 9
11 14
16 41
8 49
7 13
14 62
1 66
19 16
5 41
10 52
13 40
21 51
7 10
15 36
21 63
12 20
10 50
11 53
11 42
14 24
20 36
21 60
21 33
19 3
13 25
0 21
7 40
13 37
3 14
4 30
8 66
1 64
4 14
10 70
14 8
20 12
2 44
10 46
16 50
8 57
5 65
5 52
12 9
15 57
8 33
8 1

31 3
50
24 0
27 1
7 1
24 1
29 1
16 1
0 1
14 2
1 0
4 2
17 1
17 2
29 1
24 0
29 2
28 2
21 0
27 2
17 0
9 1
22 0
7 0
23 1
20 2
12 0
21 1
25 2
1 0
15 0
25 0
4 0
2 2
29 1
7 2
26 0
15 2
30 2
22 2
9 1
12 2
20 0
26 2
20 1
1 1
25 2
0 0
12 2
16 1
21 2
12 2
3 1

62 80
74
40 24
40 47
58 15
1 65
7 55
23 72
48 22
61 62
7 60
40 10
28 37
28 46
0 23
42 29
25 15
15 39
55 18
54 18
35 3
35 71
35 32
19 22
31 41
18 38
20 62
34 29
51 4
1 57
0 4
17 25
19 15
4 26
8 18
15 2
3 2
33 51
15 21
56 60
10 77
56 18
60 1
61 70
51 73
7 35
18 38
7 71
4 11
5 76
51 44
35 33
16 50
36 41
26 73
33 0
1 54
34 22
36 39
15 73
6 9
50 51
10 0
59 77
20 55
51 14
15 52
27 69
2 7
53 47
61 79
19 37
54 25
0 53
15 22
0 11
2 1

81 37
4
63 34
17 27
58 29
28 2
7 1
