20

16 63
60
0 19
13 45
13 54
13 41
3 48
13 51
14 39
12 3
2 18
5 40
1 35
15 13
3 24
7 59
8 17
10 30
6 30
10 62
10 10
12 53
6 44
15 38
1 15
10 52
7 20
8 49
13 55
8 21
9 20
3 50
1 23
12 32
11 20
15 36
15 9
12 58
12 49
0 36
0 26
12 0
8 5
10 20
14 57
0 9
8 43
14 27
12 1
10 2
7 17
12 38
9 37
8 29
8 32
8 23
11 44
1 23
9 46
13 26
15 30
0 9
13 1

92 6
81
49 0
35 1
61 3
70 4
52 4
10 5
56 4
25 5
78 5
42 1
21 1
74 5
38 1
47 0
83 2
13 0
28 0
82 1
38 0
50 4
87 0
90 5
80 0
22 3
62 4
39 4
8 0
84 2
14 0
89 1
79 1
33 5
85 4
21 5
33 4
90 5
78 0
64 0
28 5
45 3
70 5
69 2
9 3
80 4
72 2
27 0
48 3
16 2
57 3
24 1
16 5
67 3
37 3
14 0
4 1
14 3
91 2
57 5
55 1
87 0
88 0
55 4
72 5
15 1
0 4
23 1
90 2
0 5
7 3
10 1
25 1
40 5
17 3
36 3
18 5
0 2
30 4
47 0
54 4
90 4
30 4
8 1

65 40
25
41 38
24 32
57 12
31 17
13 1
43 29
10 26
8 0
41 38
43 30
38 11
22 37
62 38
30 23
26 38
21 6
0 29
29 3
22 4
20 22
18 26
50 28
60 33
16 39
18 6
8 1

92 91
13
33 59
67 13
1 69
36 71
41 51
46 35
16 9
75 55
60 74
12 78
61 83
86 61
3 20
14 1

16 4
87
4 3
11 2
9 3
4 0
12 0
11 3
3 2
5 3
14 3
2 1
14 3
11 1
4 2
8 3
0 0
10 2
12 2
1 2
4 0
5 0
2 3
1 3
11 3
14 1
8 0
9 2
0 0
15 3
8 2
0 3
12 0
3 0
2 1
12 3
13 1
3 0
10 2
15 1
6 3
13 0
6 1
3 0
4 3
15 1
2 0
9 2
15 1
9 2
12 0
9 0
7 1
6 2
7 2
12 3
9 2
8 2
10 3
2 0
3 1
9 1
10 2
13 3
9 2
2 2
4 1
9 2
6 0
7 0
11 3
14 2
15 2
7 2
9 1
14 2
4 0
9 3
4 3
12 1
14 2
12 0
0 3
10 1
12 1
13 2
7 0
10 1
0 0
3 1

63 35
18
0 8
3 8
5 7
15 24
55 4
31 14
52 13
2 29
40 8
25 12
45 22
62 27
36 33
42 27
12 18
46 20
27 15
5 22
13 1

64 74
54
54 49
25 30
50 6
34 47
39 42
60 69
22 25
13 48
47 44
6 38
54 70
62 45
15 72
39 38
34 5
47 62
18 38
27 50
16 25
39 16
49 39
1 59
63 20
17 24
60 19
1 59
42 26
32 43
35 59
41 17
0 52
50 34
22 0
3 30
42 28
52 37
45 53
10 42
42 28
41 5
37 15
50 52
24 47
55 54
18 57
60 26
47 61
43 9
19 4
0 46
29 61
35 34
56 41
0 69
15 1

1 97
43
0 31
0 32
0 46
0 51
0 54
0 13
0 11
0 69
0 0
0 67
0 46
0 21
0 55
0 76
0 37
0 63
0 89
0 28
0 84
0 57
0 23
0 65
0 72
0 23
0 83
0 21
0 15
0 50
0 91
0 70
0 19
0 58
0 10
0 84
0 5
0 37
0 88
0 6
0 7
0 28
0 62
0 20
0 72
5 1

3 30
87
2 15
1 8
1 1
2 18
1 7
2 7
0 28
0 26
0 11
0 5
0 29
2 21
1 6
0 19
1 15
0 27
2 0
2 15
0 26
2 17
1 22
1 19
2 26
1 18
2 19
0 15
0 9
1 14
2 18
0 9
1 15
0 0
1 17
2 12
2 23
1 12
1 9
1 22
2 19
1 2
2 14
0 25
0 7
2 0
0 12
2 3
0 20
0 25
0 19
0 22
2 26
2 21
2 1
2 17
0 29
2 9
2 22
2 9
0 24
1 18
2 4
0 26
0 4
2 9
2 21
1 0
2 19
1 17
0 19
2 25
1 11
0 3
1 20
2 2
2 6
0 10
2 11
2 23
2 12
1 18
0 16
0 3
0 25
1 6
1 17
2 3
2 1
7 1

51 81
61
12 72
25 72
26 18
3 38
28 63
17 62
50 50
28 13
16 41
41 73
47 55
1 49
20 3
4 30
23 33
26 35
28 35
14 40
16 47
50 67
12 17
18 12
44 22
47 25
50 20
1 27
15 63
30 70
27 47
31 41
40 35
21 71
0 59
31 19
39 52
37 2
0 66
15 44
18 9
21 29
19 67
21 18
50 31
23 43
35 66
42 44
29 3
49 52
49 56
20 76
40 61
17 52
40 67
44 58
41 67
17 7
47 66
16 56
15 49
25 57
40 69
3 1

48 10
22
6 6
0 0
16 4
41 5
26 0
6 9
14 1
12 8
28 0
30 5
3 4
30 5
28 2
35 5
0 6
7 7
10 5
39 8
23 9
46 5
10 9
27 5
9 1

4 61
68
0 21
3 3
2 15
0 34
0 54
3 43
2 8
1 47
3 52
1 15
0 38
1 35
2 10
0 14
2 2
2 33
1 50
2 25
3 20
2 54
2 21
2 2
1 30
3 18
3 40
3 25
0 46
1 50
3 46
2 36
3 53
2 42
1 14
1 56
3 35
0 57
2 21
3 59
2 24
2 11
2 15
1 8
3 9
0 27
1 24
2 15
1 45
0 21
2 20
0 57
2 50
2 48
2 21
1 33
0 7
3 15
0 57
1 3
1 30
2 23
3 7
0 15
0 45
0 19
1 35
1 4
0 31
1 18
6 1

70 18
39
66 5
64 3
55 10
28 7
48 0
2 17
23 4
27 17
40 10
56 17
38 16
11 17
44 4
52 17
53 16
35 14
35 12
40 3
61 1
1 2
31 1
63 4
7 16
30 6
25 2
19 10
44 14
7 15
8 10
17 13
42 17
44 6
54 1
13 8
11 5
29 8
58 8
21 11
41 11
8 1

46 56
8
29 36
38 48
26 23
40 51
32 42
25 46
20 16
38 39
10 1

95 17
21
71 0
82 5
32 7
10 1
66 5
17 16
70 9
0 7
17 4
69 9
57 13
62 16
24 7
44 9
52 3
66 10
68 16
30 15
92 7
21 5
17 11
8 1

31 1
99
16 0
4 0
1 0
11 0
14 0
30 0
6 0
2 0
7 0
29 0
5 0
8 0
3 0
4 0
29 0
29 0
27 0
1 0
20 0
14 0
10 0
1 0
27 0
10 0
11 0
29 0
29 0
23 0
4 0
16 0
27 0
8 0
30 0
7 0
29 0
9 0
21 0
6 0
21 0
10 0
15 0
10 0
3 0
25 0
30 0
1 0
30 0
15 0
20 0
14 0
16 0
16 0
22 0
17 0
21 0
21 0
3 0
25 0
14 0
10 0
12 0
10 0
13 0
3 0
23 0
27 0
23 0
13 0
4 0
22 0
26 0
15 0
10 0
12 0
23 0
1 0
23 0
28 0
15 0
22 0
10 0
4 0
19 0
28 0
22 0
10 0
5 0
4 0
24 0
4 0
28 0
23 0
20 0
18 0
25 0
0 0
29 0
5 0
7 0
15 1

48 33
93
23 3
20 32
1 20
14 31
6 1
29 31
8 16
2 17
18 2
36 21
38 25
47 8
21 26
24 26
40 20
47 29
43 5
45 27
25 10
29 3
35 0
23 18
25 28
23 2
27 7
28 32
9 13
29 11
7 23
38 6
28 10
0 11
42 12
30 4
24 14
3 26
42 12
33 7
34 8
29 26
32 11
47 1
37 20
5 26
5 30
6 8
27 24
20 15
6 16
43 25
17 31
6 13
33 31
0 4
7 21
40 29
5 4
14 6
13 22
27 2
21 10
45 7
39 0
31 16
21 13
23 24
42 31
24 26
43 19
8 6
12 10
44 20
15 7
0 25
39 15
3 4
10 29
14 21
5 8
37 2
10 24
38 5
37 28
15 15
12 5
28 31
36 12
14 16
0 29
7 23
5 28
17 5
9 8
10 1

41 57
54
8 13
21 41
27 26
9 22
17 15
15 1
35 33
22 48
28 5
19 28
6 7
33 17
27 36
3 51
8 43
2 9
14 1
2 44
12 54
1 51
6 50
11 4
22 20
2 26
32 6
39 45
35 51
37 12
32 27
10 4
9 6
35 6
24 14
32 29
3 28
40 29
16 31
8 14
37 12
33 35
9 11
31 23
27 54
10 30
8 35
30 33
15 0
33 52
5 0
13 39
2 55
40 43
23 41
38 54
12 1

12 1
31
9 0
2 0
1 0
0 0
1 0
10 0
6 0
6 0
9 0
5 0
0 0
0 0
10 0
7 0
5 0
9 0
6 0
5 0
2 0
0 0
5 0
4 0
1 0
2 0
4 0
9 0
9 0
6 0
5 0
7 0
7 0
13 1

76 67
38
26 54
68 51
71 49
19 34
24 19
4 66
63 6
54 57
42 65
30 62
9 24
67 53
2 35
16 47
10 3
9 63
23 6
67 58
56 66
45 11
34 43
20 47
37 59
46 15
2 13
42 56
53 35
44 53
57 37
57 4
33 66
34 6
39 13
3 27
16 47
10 7
15 42
66 23
2 1
