10

84 72
58
19 53
19 30
13 8
18 4
21 53
77 41
30 48
49 1
67 40
14 34
69 50
8 5
31 64
76 19
20 23
72 71
21 30
48 51
52 66
66 66
40 70
77 44
67 32
7 64
1 31
24 19
79 41
3 39
73 56
8 64
20 12
51 55
44 4
5 65
18 46
72 2
46 30
14 27
33 59
15 27
6 29
48 25
55 27
1 47
27 25
2 10
82 14
3 54
65 27
57 30
44 64
48 50
2 17
31 17
29 13
23 62
23 71
77 47
12 1

48 30
32
24 20
19 2
20 20
42 18
41 7
22 2
37 29
13 0
41 29
27 15
22 5
21 12
36 26
26 21
34 3
38 18
23 5
0 25
39 13
35 14
17 29
10 8
21 26
20 1
35 17
40 23
30 23
2 17
0 27
42 25
23 14
6 22
1 1

51 100
31
22 75
23 46
27 31
35 77
36 42
11 17
32 5
12 60
45 55
49 14
24 0
46 26
12 49
10 77
29 23
12 88
5 3
14 91
3 91
3 99
24 2
12 61
3 70
47 58
13 27
18 37
3 37
1 88
46 55
47 44
7 82
15 1

94 55
96
77 14
20 22
17 25
30 45
57 15
71 30
69 13
40 49
28 53
33 49
33 45
13 14
25 24
51 46
49 34
56 31
5 14
24 46
41 37
87 3
43 22
8 45
53 31
1 2
2 48
15 14
2 46
37 38
75 26
14 9
56 8
30 18
16 1
15 1
36 5
75 42
61 2
50 8
69 31
81 23
8 2
25 39
64 54
24 40
2 21
77 14
7 24
61 38
60 7
9 23
57 39
21 7
63 38
48 26
73 27
36 51
12 38
9 16
31 54
49 50
2 1
75 54
30 36
88 13
37 20
30 27
28 47
90 38
28 47
6 46
62 24
89 42
82 35
49 31
66 29
87 15
4 19
51 14
91 5
34 20
23 39
82 53
76 25
61 35
12 26
59 24
63 9
38 44
12 4
43 51
64 54
57 30
46 28
25 8
64 21
50 17
7 1

7 12
59
2 10
5 1
0 11
0 10
2 3
4 9
4 0
5 1
1 0
6 9
6 4
5 4
1 5
2 10
2 7
1 0
6 11
2 11
6 1
2 4
4 0
5 3
2 2
5 10
6 3
6 5
6 9
5 8
4 2
0 9
1 11
1 0
3 5
4 1
4 2
2 6
6 9
2 10
5 4
5 6
5 4
0 2
1 3
3 5
3 9
2 10
6 0
5 2
4 7
3 8
2 5
5 2
4 4
2 7
5 5
0 3
4 3
4 3
1 1
10 1

40 47
50
18 5
5 22
16 35
38 27
0 26
13 20
0 0
26 20
34 35
37 25
26 28
17 4
23 5
2 9
19 1
12 36
25 34
18 1
2 31
23 42
36 3
28 7
16 35
23 16
6 20
20 1
39 8
27 28
15 24
29 9
5 1
12 35
16 43
7 29
7 10
22 13
5 10
0 2
0 22
15 29
29 42
21 12
9 26
37 6
38 8
32 17
24 43
26 20
11 33
32 21
12 1

19 80
92
16 32
11 8
3 48
10 0
1 18
3 45
3 49
10 13
3 55
0 70
9 2
6 76
11 53
7 79
16 40
8 13
12 77
17 59
17 49
11 12
1 42
6 27
15 19
15 75
1 33
14 41
7 49
18 74
7 33
16 39
16 7
11 17
14 66
16 34
15 27
18 18
17 23
14 50
4 12
11 73
1 13
11 41
16 4
15 29
4 59
16 49
6 72
3 46
5 66
4 49
9 4
15 38
8 77
1 54
6 0
2 10
9 15
5 75
12 32
4 8
14 25
14 67
8 61
7 57
16 3
17 43
11 31
7 13
5 47
7 75
0 36
1 3
6 75
4 35
18 55
3 48
5 61
13 0
6 28
15 69
3 54
16 6
8 16
0 75
9 34
10 68
4 27
11 55
18 4
5 5
13 79
10 40
1 1

74 40
9
48 0
0 17
47 32
40 39
56 8
61 18
5 0
58 29
10 18
12 1

87 21
65
75 6
22 16
62 10
6 13
65 13
53 15
31 16
14 18
50 4
83 5
2 12
27 13
83 20
48 0
6 6
5 17
30 14
39 7
0 19
24 3
49 20
73 2
61 14
52 18
51 11
39 18
8 9
35 13
7 14
47 19
17 13
9 9
57 16
51 20
21 9
78 2
30 17
3 13
12 9
9 12
17 0
27 8
25 15
15 5
61 19
30 11
20 3
24 14
31 13
72 19
48 10
75 6
60 9
74 9
27 11
60 2
5 20
82 3
18 18
45 9
52 9
46 12
42 9
77 20
71 0
5 1

95 20
92
6 11
63 18
38 1
31 1
35 13
31 16
13 17
41 5
48 4
67 1
40 8
85 16
74 8
56 9
21 12
38 8
82 11
44 7
52 7
70 8
39 2
69 9
26 14
79 3
89 4
51 17
52 2
20 1
77 17
47 9
6 17
82 7
18 8
31 3
0 10
8 7
87 4
17 6
10 17
20 6
3 6
55 3
72 19
45 16
46 13
91 4
10 11
22 15
50 9
37 0
28 7
41 15
64 16
32 12
44 10
16 6
71 3
21 11
54 7
18 9
32 17
21 14
76 4
50 17
40 18
41 8
19 4
1 7
9 5
73 7
55 1
21 8
56 18
61 16
93 10
91 5
38 1
36 18
57 6
27 3
81 0
63 16
65 6
56 15
66 0
26 10
20 2
7 19
40 0
83 4
35 0
91 18
12 1
