7

9 9
3
4 3
4 4
4 5
3 1

50 50
97
8 1
45 30
30 36
41 18
40 12
3 21
48 10
48 5
27 33
6 12
34 7
6 30
43 36
46 9
30 40
19 23
3 48
35 16
5 20
19 27
0 16
33 0
18 30
4 32
41 32
1 19
26 47
33 27
44 39
28 33
19 48
10 26
19 39
31 27
30 8
13 39
1 39
40 16
7 21
22 2
36 24
16 21
41 14
18 4
8 47
24 11
22 16
7 12
8 19
18 15
12 4
13 22
0 12
22 11
27 18
21 41
36 13
43 42
32 17
10 21
6 1
25 36
30 22
8 32
24 44
41 49
49 43
24 34
32 39
10 23
26 29
42 37
42 33
17 19
25 15
40 19
3 6
36 31
45 8
22 7
34 40
46 20
20 25
34 35
27 42
39 31
30 23
28 46
25 16
43 40
9 30
48 36
19 9
7 33
43 37
38 7
45 29
9 3

40 40
5
1 3
2 4
4 1
4 2
4 3
10 1

30 30
7
10 10
10 11
10 12
9 11
11 10
11 12
12 11
10 1

30 30
10
8 8
8 9
8 10
8 11
8 12
8 13
8 14
8 15
8 16
8 17
14 1

60 60
193
6 52
20 48
41 14
48 18
44 49
3 48
40 41
41 6
42 23
57 27
17 57
31 12
30 15
16 38
19 44
21 31
3 31
18 41
4 46
23 59
33 37
3 37
43 56
48 42
48 19
34 54
53 59
29 16
19 4
47 18
27 59
57 7
5 55
14 21
37 52
52 0
0 50
32 17
41 17
55 13
49 10
47 20
45 59
44 9
49 42
59 22
32 49
13 6
13 31
24 14
30 5
11 39
48 6
10 9
41 37
20 32
22 47
53 58
16 58
30 51
4 35
35 2
20 39
39 50
18 47
21 46
12 26
0 13
56 35
11 35
40 54
39 12
59 33
17 56
5 13
8 57
17 7
8 39
6 10
53 39
55 26
58 29
9 45
53 50
10 26
27 43
30 36
1 37
49 50
20 9
48 14
12 23
26 12
22 36
54 56
4 25
8 40
40 5
59 51
12 51
40 46
25 7
38 23
52 19
37 26
37 0
9 33
44 6
47 43
34 43
56 7
52 9
2 20
11 6
55 32
4 16
14 58
59 42
22 38
20 12
9 44
24 43
40 30
20 34
0 25
53 5
12 19
11 3
47 55
46 5
50 19
10 57
5 1
4 10
27 8
15 4
33 11
2 51
36 8
5 10
47 41
35 46
15 0
1 45
55 23
39 7
6 58
20 33
29 12
21 17
32 46
50 48
38 21
9 47
48 26
18 14
40 57
56 23
19 5
14 12
6 54
59 30
49 47
7 49
31 46
8 21
18 20
22 45
32 47
49 38
35 6
10 50
55 58
14 28
31 29
27 58
17 10
45 58
33 15
36 7
39 36
38 49
9 38
49 6
47 29
29 50
7 3
44 15
32 35
44 53
0 38
16 45
3 52
20 2

40 40
40
31 8
23 26
6 1
11 3
23 9
15 7
17 27
1 39
34 17
21 23
10 27
25 11
20 32
15 23
0 39
34 6
31 26
12 27
33 35
26 23
1 18
33 20
14 12
20 15
18 35
16 14
38 14
12 20
30 16
17 4
14 29
22 11
25 29
19 18
20 38
25 34
16 26
0 2
35 37
16 0
40 40
