10

4 4
4
1 1
1 2
2 1
2 2
1 1

5 5
3
2 1
2 2
2 3
2 1

5 5
4
1 2
2 1
2 3
3 2
1 1

5 6
6
1 2
1 3
2 1
2 4
3 2
3 3
1 1

6 6
5
1 2
2 3
3 1
3 2
3 3
4 1

10 10
10
8 6
2 5
9 7
1 7
1 9
1 5
9 7
6 9
4 9
3 5
3 1

40 40
5
1 3
2 4
4 1
4 2
4 3
10 1

30 30
7
10 10
10 11
10 12
9 11
11 10
11 12
12 11
10 1

30 30
10
8 8
8 9
8 10
8 11
8 12
8 13
8 14
8 15
8 16
8 17
14 1

40 40
77
14 6
33 12
15 29
16 2
37 10
20 29
30 36
6 17
31 14
11 8
27 28
9 33
35 18
29 31
7 4
23 28
16 7
28 37
32 38
32 21
31 19
4 13
36 15
16 23
12 33
15 33
19 12
5 25
7 13
17 16
16 32
8 23
6 0
18 0
16 12
20 16
5 35
36 32
0 29
8 37
37 20
26 6
36 25
37 25
3 6
11 26
35 31
3 10
18 16
20 14
19 14
12 2
36 23
7 18
35 3
34 26
36 29
3 2
22 24
23 8
18 15
35 1
33 14
30 4
32 34
23 30
36 18
25 5
18 30
34 4
15 3
17 13
9 31
27 4
13 23
27 1
20 9
10 2
