5

9 9
3
4 3
4 4
4 5
3 1

10 10
4
4 4
4 5
5 4
5 5
3 1

100 100
397
87 12
67 65
64 59
43 91
18 27
83 51
10 12
96 81
59 4
77 66
31 46
15 73
16 9
81 57
55 9
50 78
24 3
94 39
50 95
84 50
15 69
54 91
11 21
0 26
3 96
39 42
56 59
6 70
72 6
6 41
79 22
59 5
84 78
60 39
14 3
7 30
77 15
41 92
70 36
86 77
77 44
71 96
36 31
15 75
49 86
14 73
53 67
48 71
70 18
14 63
63 48
44 18
92 93
43 59
91 76
1 80
73 87
52 39
54 28
41 98
71 25
46 9
46 21
96 70
36 65
67 15
36 22
7 24
35 38
70 96
91 12
87 28
49 10
42 59
6 31
55 5
70 63
56 24
62 32
43 62
74 15
44 29
30 42
73 92
87 16
84 16
94 50
79 67
31 6
40 53
34 27
1 95
54 48
72 28
16 3
82 36
28 37
68 72
2 66
68 52
57 72
69 68
97 92
84 53
41 86
82 58
63 35
39 95
77 23
85 52
20 88
13 82
93 23
59 96
48 53
24 88
79 94
75 86
87 19
45 86
6 7
77 30
94 27
35 65
67 49
66 40
56 50
74 86
45 33
6 55
95 35
11 26
76 68
36 12
9 14
5 18
74 21
12 92
37 59
18 62
13 35
5 99
38 74
56 49
1 24
63 81
14 50
29 63
98 97
4 46
37 17
56 7
6 94
34 53
65 55
58 59
75 4
26 42
27 38
16 93
39 70
46 40
95 31
33 84
65 25
97 84
5 16
77 2
0 13
2 83
62 81
47 13
40 84
13 31
93 38
98 58
80 82
94 80
62 40
38 63
59 64
48 85
45 80
52 7
92 45
71 93
72 7
81 24
58 84
0 10
90 87
82 72
14 48
48 95
97 21
27 48
57 51
25 3
95 4
64 77
74 50
64 53
40 41
27 42
15 47
23 70
89 38
13 10
10 43
94 46
8 25
11 39
81 41
73 17
40 66
60 56
3 87
46 12
67 4
6 26
17 72
71 70
80 6
7 56
32 58
10 91
4 27
53 89
74 30
57 15
81 27
40 97
43 35
32 85
19 81
36 48
35 61
66 58
48 81
43 12
78 60
0 16
5 78
93 92
92 30
35 90
41 5
15 49
92 90
43 22
81 64
14 74
4 25
42 31
90 53
53 32
15 38
30 8
41 6
91 38
79 58
81 45
75 67
86 11
69 19
24 27
70 66
9 7
0 5
9 48
13 73
83 5
73 61
9 84
64 8
57 43
17 1
72 10
5 96
17 0
47 39
2 88
22 28
85 65
55 64
91 26
47 11
50 32
87 72
51 58
70 71
26 59
80 55
82 84
6 60
88 25
43 14
73 0
69 9
74 8
41 93
80 85
62 68
30 98
73 80
22 72
10 99
44 57
5 4
93 55
95 65
73 95
55 44
62 28
38 30
39 13
78 79
74 85
51 38
5 75
72 34
53 83
98 11
96 51
28 9
77 4
88 56
20 78
94 34
42 41
37 90
61 77
10 44
88 72
55 59
57 89
80 90
55 81
54 32
27 8
98 50
60 20
75 13
58 61
60 35
40 29
90 71
14 18
70 82
15 54
50 12
20 64
95 63
32 42
27 2
84 24
20 17
16 75
36 66
81 96
31 81
32 47
16 14
14 59
47 23
0 86
87 1
17 99
19 8
19 22
64 12
12 72
5 3
47 6
3 97
21 39
17 67
43 2
79 17
23 58
51 33
74 58
28 2
22 69
5 24
74 53
85 91
64 0
41 21
95 87
96 43
12 36
87 79
20 66
71 94
59 94
3 46
5 1

40 40
76
30 7
5 17
39 0
32 39
3 7
9 15
35 23
39 21
20 17
37 16
32 30
5 19
23 29
24 20
28 15
39 27
27 24
9 37
15 22
2 6
1 37
29 33
6 11
4 19
18 13
24 30
9 23
23 27
13 8
6 32
12 25
5 18
15 11
27 19
27 20
18 14
20 4
30 3
21 26
6 5
33 5
13 33
1 33
1 4
27 25
6 12
27 5
26 19
18 3
20 19
11 16
35 14
30 36
12 5
26 39
18 15
14 11
20 39
17 24
32 19
31 25
24 6
2 39
21 34
16 18
27 4
22 21
4 25
28 31
8 39
18 8
13 17
28 10
36 3
13 24
37 19
10 2

50 50
97
8 1
45 30
30 36
41 18
40 12
3 21
48 10
48 5
27 33
6 12
34 7
6 30
43 36
46 9
30 40
19 23
3 48
35 16
5 20
19 27
0 16
33 0
18 30
4 32
41 32
1 19
26 47
33 27
44 39
28 33
19 48
10 26
19 39
31 27
30 8
13 39
1 39
40 16
7 21
22 2
36 24
16 21
41 14
18 4
8 47
24 11
22 16
7 12
8 19
18 15
12 4
13 22
0 12
22 11
27 18
21 41
36 13
43 42
32 17
10 21
6 1
25 36
30 22
8 32
24 44
41 49
49 43
24 34
32 39
10 23
26 29
42 37
42 33
17 19
25 15
40 19
3 6
36 31
45 8
22 7
34 40
46 20
20 25
34 35
27 42
39 31
30 23
28 46
25 16
43 40
9 30
48 36
19 9
7 33
43 37
38 7
45 29
9 3
