15

9 155
100
7 116
6 122
0 64
3 96
6 18
2 88
1 1
7 120
8 87
1 124
4 22
4 28
1 102
4 74
5 95
3 153
1 27
8 42
0 110
8 108
7 76
5 135
5 79
0 138
0 19
2 134
3 37
6 29
7 138
4 128
6 99
2 102
4 148
5 153
1 61
8 10
4 81
3 149
4 24
3 18
8 19
6 20
4 94
4 7
3 86
1 57
5 73
6 92
3 83
2 137
5 130
7 95
3 39
0 29
1 34
7 42
8 134
0 76
7 45
3 51
1 30
7 129
3 81
4 104
2 90
7 154
5 14
5 89
2 118
3 84
8 100
8 139
5 0
8 86
8 110
0 22
2 25
5 55
7 152
8 83
5 59
6 87
7 111
0 60
5 40
0 38
3 116
7 31
6 49
0 129
4 34
4 111
6 82
7 133
7 105
2 100
1 110
3 16
7 109
7 140
911 10

54 178
36
37 167
53 98
49 173
45 145
5 48
37 11
39 165
0 28
51 46
27 57
30 109
11 61
4 119
33 167
25 162
21 112
21 0
5 3
3 36
2 69
51 101
0 56
32 1
32 37
1 171
13 29
5 62
16 109
5 9
17 144
40 144
1 11
20 156
24 28
34 29
11 143
889 160

42 152
5
22 58
23 23
33 151
0 61
15 100
608 86

48 40
8
25 2
18 27
4 11
31 3
30 38
18 6
14 28
21 34
575 161

199 94
182
95 76
14 20
90 70
59 91
88 86
196 72
14 15
164 4
84 13
95 3
79 66
153 66
82 56
127 76
161 71
101 87
159 40
169 41
0 33
77 20
122 8
55 28
173 44
4 19
134 10
3 52
103 30
57 57
142 88
64 70
156 54
138 77
36 8
144 43
115 89
102 25
74 19
129 79
132 18
60 28
11 11
35 63
175 36
77 59
54 23
176 27
62 30
82 11
1 61
111 38
5 76
110 85
126 48
59 65
128 33
103 27
160 37
9 17
8 49
9 35
182 43
28 82
55 31
97 44
69 54
128 12
2 77
108 63
10 7
165 30
64 60
34 43
185 79
116 35
84 69
34 65
43 92
67 24
126 53
133 80
152 82
48 7
32 28
37 54
78 11
158 60
50 5
123 34
14 69
7 9
120 4
120 21
80 34
41 84
154 71
181 58
190 26
16 82
118 67
42 74
34 85
94 15
148 49
74 65
36 76
16 27
123 55
98 41
125 51
188 14
91 59
118 19
132 69
59 5
165 76
25 54
35 26
15 21
115 76
101 58
147 0
86 3
31 24
30 77
102 8
191 36
144 28
31 18
23 89
105 4
123 34
119 2
5 85
120 0
1 69
50 84
139 34
174 82
76 64
82 67
2 21
126 73
163 91
154 10
179 72
130 22
144 31
40 5
162 7
49 48
182 47
90 77
190 84
47 47
48 63
23 85
182 55
127 23
62 19
110 72
119 6
122 36
69 77
169 19
123 4
172 92
95 64
159 39
84 5
130 66
92 38
137 16
58 80
198 79
125 4
139 29
82 41
64 75
3 64
137 41
30 93
164 52
1294 114
64 152
75
50 104
26 58
40 42
40 116
31 123
16 4
14 64
11 88
13 72
11 102
24 52
62 127
22 128
45 64
8 4
26 18
60 37
60 52
39 93
33 79
48 17
11 7
33 78
55 119
62 2
37 126
30 27
5 109
4 18
21 100
55 23
6 27
36 74
24 4
39 97
19 112
42 30
23 76
52 94
59 122
16 8
8 30
3 77
35 71
0 8
19 15
40 1
42 108
28 122
24 107
59 59
27 62
9 50
50 77
0 61
47 120
13 23
63 120
5 138
24 93
27 91
60 59
5 150
15 49
41 8
36 68
19 88
10 37
50 132
26 11
41 42
3 126
1 146
7 46
37 15
700 73

139 64
60
90 46
67 48
16 58
133 59
93 21
81 43
54 2
2 58
136 15
43 34
10 0
40 23
20 8
34 37
110 42
92 34
60 59
33 47
86 40
121 3
28 49
93 4
63 52
63 31
81 61
101 20
127 43
17 35
131 15
28 7
5 49
122 18
3 60
101 33
43 44
40 33
105 19
113 17
0 37
0 11
53 50
83 31
112 11
9 18
110 11
26 20
20 2
2 40
75 39
71 35
7 46
10 49
16 43
101 9
70 51
98 50
72 52
123 3
12 20
59 26
1856 95

31 44
82
11 7
13 31
5 7
29 11
8 17
17 31
24 14
0 26
25 21
30 3
26 11
21 43
2 12
25 23
17 21
9 22
14 36
3 12
25 29
26 20
6 36
18 38
27 23
3 22
4 0
11 40
2 3
17 41
15 21
20 38
8 33
26 2
19 27
8 1
28 34
12 31
12 26
2 9
13 21
25 26
8 32
12 10
1 13
10 4
7 3
15 8
27 15
2 14
6 21
27 27
13 33
4 13
5 15
30 41
9 30
1 34
24 22
23 7
12 27
8 2
29 29
0 39
1 41
8 15
14 1
5 5
11 32
17 2
11 17
1 16
6 22
3 43
14 3
22 12
25 33
12 13
18 0
14 15
15 18
23 35
25 25
19 26
667 100

97 58
37
10 57
51 31
78 47
49 39
4 48
81 56
66 45
70 38
52 2
27 6
57 11
90 49
27 24
48 33
3 24
15 19
1 52
96 50
85 16
25 37
85 50
76 10
27 4
57 1
52 1
5 24
93 24
28 28
89 22
92 28
67 7
70 55
43 23
81 34
52 12
55 30
49 41
1014 149

84 71
126
2 33
57 49
73 36
52 2
25 15
59 46
2 21
80 32
39 65
82 48
18 6
35 14
72 50
83 2
24 25
10 59
42 48
79 22
3 16
52 27
71 15
36 67
72 16
44 4
22 47
63 11
76 42
43 69
11 54
5 22
44 66
58 27
78 8
74 48
13 64
66 15
26 39
29 37
46 30
81 57
71 14
25 19
32 54
40 37
23 50
75 47
56 31
25 8
14 4
44 24
14 53
24 37
44 11
10 67
39 36
71 8
25 11
2 26
77 5
12 63
83 12
39 60
48 65
18 43
77 15
3 66
4 66
4 49
77 58
6 8
62 19
12 64
47 3
56 15
13 43
57 24
68 38
64 59
73 43
8 30
56 27
30 46
78 50
60 60
4 60
57 21
60 4
66 29
83 65
20 47
20 13
21 52
41 46
33 44
79 31
13 67
8 60
23 41
33 26
27 68
21 18
17 15
25 63
17 20
34 49
33 54
26 29
11 3
51 67
55 53
82 41
9 46
24 20
5 61
71 6
7 12
72 36
2 37
20 32
34 46
53 15
21 33
77 57
60 8
32 3
2 10
796 20

86 200
92
54 73
28 35
12 6
79 113
63 17
19 73
41 91
32 62
16 90
65 112
14 23
61 29
63 183
75 84
28 24
73 147
17 189
66 14
73 169
73 92
44 68
27 89
73 196
25 112
80 122
54 13
27 9
54 10
41 19
70 117
44 173
50 45
64 150
75 62
82 138
16 58
60 72
32 22
2 3
36 106
54 62
75 23
26 66
70 169
1 32
42 81
18 103
5 72
29 186
48 77
57 89
58 35
7 188
63 181
61 143
75 69
10 111
9 182
23 31
17 62
39 189
62 173
50 23
46 2
53 180
11 86
65 167
40 86
65 131
73 99
15 59
54 185
34 165
61 99
40 70
65 12
27 9
35 8
6 183
56 42
82 41
76 137
43 2
32 116
24 43
55 113
66 40
64 24
71 17
55 154
7 37
82 50
1647 104

59 80
88
36 1
50 22
13 52
16 76
31 59
14 72
58 67
28 11
35 71
14 54
26 2
32 63
46 55
57 16
21 69
23 14
58 50
2 55
39 59
1 11
48 5
54 42
2 49
50 21
19 53
19 67
43 40
17 40
16 32
12 50
16 15
39 75
57 5
36 40
13 6
3 39
57 6
2 68
25 38
42 0
58 37
36 52
3 69
17 14
18 53
1 27
14 64
54 6
31 58
0 38
13 49
55 60
5 31
16 46
51 43
20 33
9 65
41 78
55 50
31 61
38 60
48 43
22 15
14 66
19 47
47 42
25 54
48 7
47 55
10 26
12 52
43 51
32 49
38 77
37 14
50 74
51 18
18 71
28 39
17 59
55 2
29 39
53 76
1 13
36 21
34 22
49 4
20 63
1766 75

53 178
81
51 1
41 67
38 146
46 91
39 30
45 25
32 177
18 118
41 107
52 141
39 43
35 59
3 60
9 71
43 25
30 171
16 70
24 156
44 37
5 49
30 157
51 136
30 96
1 125
5 131
52 148
20 86
7 55
21 1
40 171
27 114
11 54
15 91
23 89
32 146
48 63
16 57
50 126
21 119
23 66
9 29
28 91
14 109
43 105
10 139
37 160
27 152
38 126
41 112
7 60
48 42
8 72
7 166
37 119
14 138
13 46
40 66
11 148
14 150
27 131
11 41
19 53
38 15
7 102
44 61
26 74
49 152
52 47
19 32
22 114
2 41
36 26
13 142
23 149
7 95
30 70
8 81
15 173
32 147
30 90
48 126
109 117

60 191
20
34 58
46 167
19 13
29 40
41 0
55 81
27 95
59 70
40 3
26 62
51 8
30 62
6 187
49 12
40 8
33 188
17 110
8 66
55 61
43 154
195 179

76 35
147
18 34
26 5
0 24
33 12
47 24
39 2
7 12
72 16
31 25
12 12
63 10
58 33
48 11
71 8
2 34
60 12
3 14
2 20
43 13
16 6
14 13
7 3
61 0
68 27
26 7
59 7
29 4
25 2
29 20
11 23
45 28
67 29
21 6
7 22
45 1
19 34
36 27
22 28
61 10
70 18
19 2
56 0
51 20
6 21
42 2
51 14
29 10
0 15
68 24
55 25
64 21
37 16
40 15
1 5
14 7
53 21
5 15
21 16
55 25
1 30
61 13
66 13
51 18
20 30
30 20
36 32
13 34
74 8
73 0
35 29
11 4
60 29
1 3
29 32
65 3
51 33
38 25
20 29
47 17
12 28
56 22
52 10
63 28
3 1
51 21
28 12
22 0
35 22
50 30
37 9
34 0
30 15
69 31
42 22
32 11
74 4
59 18
38 8
26 10
63 16
52 30
19 11
43 12
39 23
74 6
58 6
28 16
61 32
19 9
17 25
37 12
20 31
23 21
67 30
56 26
6 17
9 16
48 6
52 15
71 25
27 26
39 16
5 31
32 20
67 21
16 25
21 29
49 17
35 3
49 13
51 0
4 5
37 12
54 23
3 17
3 2
42 34
25 4
6 32
28 12
63 1
42 29
37 13
9 0
28 1
44 0
70 10
398 40
