5

113 200
20
111 42
83 191
74 81
5 135
103 149
86 138
34 26
9 46
10 158
53 144
81 170
66 193
82 95
2 71
59 32
67 77
69 95
60 165
28 134
10 70
437 87

10 178
113
4 105
7 78
6 121
5 140
6 140
0 33
1 111
4 153
6 0
2 41
5 35
9 41
8 175
7 168
0 34
8 38
2 112
2 158
1 153
8 112
8 62
5 157
4 158
5 92
4 33
5 119
6 130
2 5
7 82
3 26
6 72
6 100
4 47
0 105
8 23
7 4
9 51
8 103
5 161
7 33
4 16
0 84
0 156
7 96
4 107
8 43
7 52
3 51
5 68
0 10
5 40
2 20
5 42
2 144
7 163
3 41
6 173
4 170
7 81
6 78
6 76
7 33
3 108
8 94
8 85
6 111
1 141
2 38
1 100
8 53
9 25
2 131
8 64
6 15
0 34
1 0
9 58
4 106
5 140
2 9
5 149
1 16
0 97
6 161
1 102
4 148
9 153
8 147
7 48
5 29
8 78
8 59
9 108
3 170
8 32
9 140
9 166
4 3
3 55
4 126
7 45
7 107
0 43
4 81
1 83
7 61
8 7
1 143
9 130
3 29
4 2
5 31
3 170
1577 127

156 94
84
12 2
104 85
16 91
124 47
32 5
0 37
1 17
122 68
108 1
61 38
3 54
1 81
89 51
21 53
30 84
146 25
30 6
144 72
83 66
68 23
14 80
107 55
2 13
12 44
12 51
106 16
3 68
89 62
39 72
144 24
117 48
13 13
101 23
66 42
142 70
44 52
74 59
71 86
124 69
59 45
57 51
25 38
145 22
25 9
96 55
127 89
19 40
77 22
13 53
49 17
149 37
27 43
144 83
44 32
54 5
93 85
12 2
44 40
104 89
59 51
138 66
2 85
70 13
22 33
66 79
83 27
36 26
27 8
81 39
8 32
46 50
147 32
120 37
88 77
4 11
14 82
77 38
16 21
96 20
103 50
9 38
122 11
12 13
125 64
869 98

19 11
48
0 10
5 4
18 1
15 0
1 1
4 5
13 5
6 0
13 8
12 1
2 9
5 0
5 4
11 9
17 10
15 2
15 7
15 9
8 10
13 9
15 6
3 7
2 1
11 2
5 1
7 10
11 2
13 6
11 2
6 1
17 2
5 6
16 6
6 6
7 0
14 1
14 6
9 2
0 2
10 1
2 4
6 0
5 10
4 0
2 7
1 9
10 3
10 6
1598 18

95 89
171
22 46
27 52
92 55
50 13
32 9
49 27
17 68
69 47
61 10
92 60
59 9
61 69
23 83
59 9
92 10
53 55
53 21
12 88
46 12
41 81
54 54
50 73
93 9
9 39
44 80
34 33
35 70
30 32
60 24
77 78
22 82
74 46
18 18
25 45
54 57
45 74
62 13
85 78
18 23
19 63
0 16
67 59
48 65
92 84
89 87
69 57
11 72
86 50
40 82
91 54
80 21
8 7
35 52
3 78
87 2
14 23
71 60
26 37
79 39
32 80
2 60
84 50
52 86
40 67
85 62
86 63
72 26
13 51
87 22
63 87
34 4
69 64
62 58
28 55
23 0
21 45
64 28
36 59
76 62
16 60
15 47
36 74
1 38
3 19
64 9
69 39
46 83
10 32
44 70
56 83
1 0
87 19
79 1
84 9
7 71
30 76
7 36
9 37
15 52
1 22
76 6
76 30
16 30
38 8
27 38
28 59
71 63
88 0
46 1
19 17
77 11
69 35
14 88
89 77
88 61
11 68
60 5
2 23
76 28
36 24
33 55
31 38
82 6
63 50
1 2
83 13
30 4
62 15
38 54
71 10
43 58
3 71
70 21
79 53
39 81
57 49
85 6
77 11
11 58
7 42
26 83
86 6
46 36
2 24
6 69
16 5
59 23
52 34
19 15
82 27
57 31
30 78
31 7
18 72
54 16
50 58
14 13
38 30
85 41
47 6
17 88
41 81
80 20
9 23
32 68
59 66
35 82
35 70
7 10
8 88
75 11
249 185
