5

158 44
57
69 0
51 35
110 16
86 29
138 22
6 6
152 31
53 7
107 17
155 17
5 17
133 40
102 14
44 33
131 8
67 24
42 14
145 30
130 33
59 17
103 9
13 28
145 0
15 16
23 7
32 15
26 9
85 2
133 43
17 10
61 12
44 15
44 25
152 9
1 13
78 2
15 5
48 16
107 18
150 43
131 18
56 1
85 41
24 26
62 35
116 4
126 22
69 30
142 17
137 39
13 41
39 6
44 24
84 4
48 6
21 43
155 13
1473 161

163 121
40
154 80
29 118
149 99
34 68
53 65
104 19
159 90
28 34
131 38
155 7
61 116
91 42
60 63
33 90
81 6
133 95
33 31
60 14
50 117
82 53
30 53
93 66
31 40
59 23
6 54
50 23
70 1
86 56
12 41
17 10
137 11
66 44
51 109
40 113
7 82
154 107
95 27
14 99
105 94
76 56
888 113

46 153
90
8 47
23 90
40 79
32 14
0 104
43 22
33 1
31 151
42 89
25 43
5 28
3 110
29 25
37 69
45 73
19 37
30 125
8 35
26 88
8 7
11 16
40 129
26 98
19 72
42 82
21 72
10 18
24 129
7 105
21 24
5 47
2 18
36 86
2 95
39 128
37 61
5 4
43 58
0 37
42 58
2 93
37 126
36 32
0 77
13 71
38 36
9 36
1 9
38 133
3 144
3 104
31 124
21 139
27 107
33 32
11 40
36 14
36 133
0 14
12 82
45 32
25 75
32 44
41 62
18 85
44 29
39 2
17 16
0 55
29 63
5 7
10 84
31 142
9 119
30 147
44 138
19 38
31 119
43 41
18 4
25 107
25 10
40 84
27 149
30 47
21 123
5 9
18 127
32 15
15 27
174 194

115 9
99
94 8
4 3
97 7
71 7
103 3
55 4
1 3
3 4
64 3
11 7
96 4
53 7
27 2
74 2
57 3
110 0
89 0
106 8
2 5
57 7
99 5
15 6
110 8
55 4
96 2
35 3
78 4
10 0
36 6
47 0
95 4
50 7
75 1
42 1
22 3
84 8
114 8
26 2
2 4
89 7
49 4
77 6
97 1
36 3
75 4
31 1
44 3
26 2
41 3
99 6
69 8
87 2
70 0
0 2
97 6
90 7
98 0
78 0
60 7
0 2
100 5
109 7
32 2
51 0
105 0
22 0
7 1
64 4
27 2
69 5
38 5
91 7
17 4
3 2
88 0
16 4
87 5
21 0
47 3
78 8
11 5
32 0
31 7
14 4
63 7
101 5
31 2
42 2
34 0
44 7
101 4
114 1
70 5
94 3
111 0
73 0
78 8
59 5
87 7
1173 184

115 156
173
107 16
99 33
105 93
101 1
50 90
14 72
18 19
5 133
48 94
110 41
60 153
16 1
90 112
43 31
68 125
102 1
89 71
37 104
53 155
13 74
87 109
31 78
96 150
45 141
18 54
3 3
60 78
52 112
27 146
98 113
16 155
92 29
75 50
104 106
54 111
36 39
63 43
51 64
23 46
90 126
55 131
22 52
14 34
71 16
72 51
56 68
25 144
113 148
64 103
50 144
24 23
64 23
73 45
34 132
113 37
58 92
103 3
72 122
57 52
79 119
99 139
21 54
88 1
29 38
59 45
75 62
85 82
73 7
25 73
76 119
20 141
112 22
2 99
45 55
114 126
107 26
47 77
27 82
84 155
91 82
55 19
14 141
94 2
103 128
97 32
62 85
101 18
45 35
30 96
81 40
2 136
47 49
22 147
86 36
33 23
37 63
16 7
33 43
41 69
34 113
5 135
77 148
58 23
13 15
114 145
37 86
103 151
67 110
60 38
19 5
20 9
102 132
10 144
66 54
93 64
11 32
0 111
8 69
95 107
66 153
51 13
113 121
106 119
66 150
23 94
64 92
62 123
113 147
106 116
60 42
83 114
84 68
61 154
44 103
15 94
54 73
17 56
7 115
54 13
77 78
78 9
39 82
95 110
17 117
21 20
72 123
50 133
90 103
35 45
71 108
49 150
35 91
97 119
75 127
17 60
15 112
98 63
40 75
10 140
83 144
70 67
55 10
0 147
18 47
84 35
4 48
2 80
86 137
81 61
37 47
20 1
15 92
8 70
1424 126
