4

77 55
151
14 23
13 46
27 10
19 5
60 15
32 20
36 9
70 29
45 28
6 36
21 34
70 2
68 24
31 40
13 47
5 14
37 30
36 30
63 6
4 23
39 20
57 35
61 27
39 33
1 37
13 20
27 31
45 29
63 47
42 13
26 12
60 22
73 33
15 1
59 40
23 27
27 45
57 30
49 25
32 12
75 42
67 52
49 42
55 0
26 46
51 25
41 12
13 53
29 18
63 33
61 48
53 49
43 11
12 28
69 26
25 15
51 11
6 36
55 54
15 42
20 28
8 47
1 25
45 43
19 12
25 51
46 46
46 47
40 12
68 29
10 4
22 4
26 47
50 3
49 5
38 23
68 28
45 47
1 33
16 40
73 49
65 51
51 37
60 43
5 9
75 43
35 22
71 4
26 21
56 15
56 14
68 17
14 21
60 49
62 29
7 23
52 25
11 41
54 52
63 10
56 0
68 31
46 47
61 36
11 45
11 17
59 8
37 30
10 47
55 12
45 37
29 27
66 17
51 28
57 44
67 46
76 43
32 24
66 30
2 36
37 14
23 19
34 49
72 6
21 42
49 25
40 20
58 7
31 41
69 5
25 2
0 45
11 35
54 43
76 52
11 1
67 18
21 50
54 28
30 29
8 29
36 28
47 49
28 45
32 22
45 16
41 1
73 24
31 43
51 37
76 40
882 68

17 55
176
13 52
11 46
1 20
14 44
10 18
1 30
5 8
12 3
11 54
5 6
7 27
9 52
2 4
14 49
9 46
2 54
10 19
1 42
6 10
7 44
15 16
5 0
11 48
11 6
8 1
13 54
11 20
7 9
10 53
9 30
16 23
12 45
3 5
4 26
1 5
13 19
6 51
12 21
8 35
4 40
14 39
5 18
3 43
11 31
13 13
3 21
13 39
4 25
15 5
2 42
10 10
12 28
16 45
11 27
5 32
11 15
13 20
10 50
4 24
8 37
14 5
2 42
10 19
8 40
15 34
8 22
10 53
13 44
7 22
3 29
9 50
16 49
2 17
2 38
2 23
8 37
1 39
7 16
8 40
12 28
13 44
13 11
1 18
7 33
9 27
7 3
4 4
2 31
3 46
13 36
7 8
2 30
9 14
3 48
5 24
2 5
13 38
3 6
14 12
2 54
4 44
3 26
5 8
5 52
12 1
9 40
12 50
3 17
10 10
7 12
6 7
4 28
9 20
10 46
1 34
15 8
12 50
9 44
0 9
3 23
12 14
3 39
14 25
16 32
14 41
12 35
15 39
8 34
1 46
10 45
3 38
13 48
6 14
3 17
14 53
0 33
3 18
1 37
2 12
13 9
13 53
5 0
4 18
12 29
5 8
7 4
12 34
10 40
1 24
7 37
6 28
11 28
8 44
7 27
0 43
0 26
14 31
14 31
3 3
3 38
6 34
1 2
4 47
13 47
3 10
9 36
13 14
13 16
12 37
1 26
7 29
14 44
9 23
2 40
8 43
3 4
595 92

2 30
44
0 13
1 1
0 29
1 7
0 10
0 1
1 13
1 3
0 13
1 10
1 8
1 5
0 26
0 6
0 5
1 8
0 2
0 3
1 22
0 22
0 15
1 7
0 15
0 17
1 8
1 19
0 0
0 17
0 24
1 3
1 27
1 9
1 8
0 5
0 14
0 15
1 1
0 24
0 8
1 2
0 6
0 5
1 15
1 10
190 54

74 43
78
12 18
70 34
28 12
47 39
13 4
45 31
57 32
64 35
35 18
25 18
12 41
64 28
40 40
5 6
35 5
50 40
7 35
45 19
71 42
45 28
44 13
38 17
42 11
59 39
53 5
5 41
46 22
36 23
42 1
65 3
68 25
53 10
35 13
2 2
7 41
64 9
69 26
9 40
9 6
24 21
54 16
73 22
14 18
2 31
5 32
71 13
73 36
8 31
73 20
3 37
17 4
23 28
36 9
59 27
33 34
39 15
36 31
24 33
47 18
60 31
50 32
52 32
56 9
61 37
19 34
51 8
68 24
39 15
66 22
62 14
3 20
29 17
28 23
6 38
61 6
32 4
22 31
46 15
107 47
