4

39 19
123
35 12
25 3
12 12
38 14
5 3
34 13
28 10
36 16
0 2
34 2
25 13
16 3
10 17
13 14
30 6
21 16
9 13
32 3
10 0
19 11
23 12
31 4
16 17
3 3
26 17
27 16
22 0
37 16
26 16
4 0
13 14
19 5
31 13
15 4
10 5
18 5
16 11
3 1
11 10
27 12
20 17
20 7
26 6
22 13
23 6
32 18
6 10
37 3
31 1
14 16
1 6
25 13
18 7
12 16
0 0
2 16
22 10
2 2
9 5
20 2
36 14
2 3
18 9
2 11
6 5
37 8
2 12
22 2
26 14
4 1
24 2
24 14
1 1
22 2
35 10
11 15
4 17
17 6
14 10
34 5
7 7
24 0
30 14
5 4
26 17
26 2
20 9
25 11
22 4
1 2
34 1
34 16
35 8
34 11
19 16
6 17
16 3
0 9
28 1
36 14
20 3
5 18
27 13
14 16
9 1
30 18
23 2
29 8
27 8
7 10
29 17
17 18
7 12
19 9
21 14
38 18
34 8
25 2
14 3
13 9
11 18
32 17
11 12
230 64

37 62
187
26 0
8 21
9 40
17 60
18 6
9 17
14 30
28 32
0 15
16 60
22 35
19 27
27 0
32 14
12 2
29 15
10 14
25 36
6 55
24 38
15 8
25 8
33 39
35 25
19 17
22 59
11 39
11 10
25 13
35 49
24 41
32 24
28 8
1 23
11 4
9 37
5 24
8 7
10 25
2 39
16 10
32 39
19 22
9 5
34 0
31 36
34 26
32 25
7 36
1 18
1 43
20 42
27 31
18 9
34 11
0 40
24 24
19 44
0 19
16 58
13 29
20 51
28 22
1 59
25 4
15 15
12 45
18 44
2 1
10 59
22 9
33 36
0 22
36 5
22 61
34 40
9 26
27 51
3 23
17 39
33 4
7 25
36 0
32 7
20 27
35 38
27 48
6 19
28 56
16 52
27 41
19 15
20 31
11 18
17 30
5 47
17 43
4 20
25 17
25 4
6 3
9 9
10 56
18 10
14 10
17 19
22 61
21 32
27 57
9 2
10 28
23 21
29 44
36 40
18 18
0 32
15 33
35 34
10 55
30 18
26 25
36 55
16 54
13 1
34 61
13 61
9 49
16 12
29 38
22 56
17 40
22 37
19 57
0 37
29 21
12 42
1 12
36 46
23 30
16 29
31 2
14 5
16 37
18 1
31 58
17 4
26 19
35 36
33 8
28 53
2 15
13 47
16 24
31 54
22 45
16 11
18 59
30 3
4 35
20 43
21 36
35 44
34 37
12 19
29 61
27 49
10 51
17 40
34 26
1 61
1 13
35 12
17 33
2 18
36 3
24 57
29 15
24 7
23 16
26 31
33 9
11 24
21 54
23 61
11 14
33 41
29 56
926 13

33 7
66
13 3
29 6
11 2
6 6
27 6
4 3
22 0
22 4
29 2
18 4
7 1
17 5
30 2
26 2
27 4
19 1
17 3
21 0
2 1
3 4
28 0
17 5
11 6
20 1
3 4
17 1
12 1
16 0
28 0
21 5
14 0
19 6
0 6
26 3
8 3
20 5
6 6
1 5
14 4
0 5
31 1
31 2
32 1
22 2
22 5
0 1
24 4
4 3
10 1
27 5
21 2
0 5
31 3
1 0
31 2
17 1
1 6
8 4
2 1
12 2
10 2
17 1
19 6
18 2
22 3
7 6
489 11

73 39
197
40 30
70 26
40 1
3 9
65 2
17 27
63 0
71 19
42 21
53 23
19 27
41 15
17 7
8 7
14 13
23 9
66 31
72 14
16 5
34 4
14 1
43 22
69 37
67 23
59 37
47 38
13 32
8 24
71 21
24 36
9 16
37 14
37 16
43 20
17 28
25 15
32 17
51 7
62 20
48 8
33 10
24 32
9 27
24 25
48 32
50 7
5 19
62 27
66 23
59 18
16 30
26 33
71 36
21 1
33 23
8 20
11 11
3 3
34 34
39 0
61 37
29 36
62 37
20 33
71 16
30 34
25 4
30 16
46 21
30 35
49 35
63 4
5 13
22 21
29 26
49 14
12 34
24 14
45 26
15 18
16 18
63 17
12 13
16 31
28 12
13 7
47 0
64 12
54 24
42 6
36 2
50 4
36 14
18 16
40 7
44 25
39 33
44 33
57 12
42 7
25 8
4 5
8 34
20 34
0 20
12 0
34 1
26 2
32 4
7 6
6 34
24 4
50 20
50 25
24 10
61 32
37 35
47 35
44 21
47 31
31 12
68 33
36 34
57 9
55 35
21 21
63 35
2 25
58 2
62 7
17 9
49 7
58 23
23 38
43 31
34 29
55 36
0 25
7 16
49 1
69 28
49 0
28 6
15 10
24 37
36 4
47 3
15 18
23 26
33 8
12 17
54 11
46 5
39 28
68 35
56 9
70 31
58 10
48 35
59 28
15 16
29 10
66 32
5 2
12 18
71 32
3 16
10 6
70 20
9 23
57 25
29 26
21 15
54 24
4 30
53 33
30 19
14 8
24 26
13 26
48 0
40 11
20 2
28 16
7 37
22 25
9 29
67 27
8 3
43 8
54 12
20 23
42 26
37 15
25 7
16 8
17 3
930 82
