4

9 25
110
4 10
2 11
5 4
5 2
1 9
5 24
5 24
3 13
0 10
4 6
8 20
8 1
6 16
8 6
0 19
1 3
1 2
4 15
8 16
3 0
6 13
6 22
2 5
2 9
8 22
7 14
3 24
0 19
0 11
0 1
7 22
0 0
0 0
5 4
1 23
2 23
7 10
2 13
1 23
6 6
2 12
3 7
4 21
4 12
1 21
0 15
0 22
7 16
2 13
1 12
5 10
5 9
2 6
8 19
1 12
4 11
2 16
8 24
5 22
2 19
4 12
5 2
8 19
6 18
5 9
1 2
0 22
7 5
2 1
1 18
3 16
1 15
0 18
6 3
5 17
6 18
4 13
1 15
5 2
1 17
8 9
7 2
6 11
3 22
4 2
6 9
2 20
8 10
8 24
1 12
5 14
7 4
3 2
1 6
4 3
2 2
4 16
2 9
8 4
0 1
4 17
1 0
0 6
6 21
3 0
2 19
7 24
3 14
5 1
4 3
838 29

54 65
38
39 64
17 60
20 22
21 39
38 51
0 7
37 38
23 8
20 3
49 44
19 29
29 55
25 64
48 28
48 64
38 58
2 35
11 63
31 55
42 47
38 1
48 36
11 11
2 4
37 45
4 49
29 15
17 17
35 29
24 0
35 10
10 5
23 10
30 56
32 27
14 30
1 46
21 63
614 4

53 45
58
2 8
27 44
31 38
19 41
6 27
42 4
35 16
1 7
1 13
14 23
10 35
8 16
9 28
19 7
34 19
17 30
40 12
18 13
10 39
0 21
37 14
38 38
37 19
15 10
44 32
6 40
26 22
1 33
12 2
12 44
21 16
25 15
13 11
45 44
22 1
26 43
34 35
23 35
0 21
21 28
3 20
16 8
45 42
17 34
31 26
37 30
17 20
20 40
5 29
44 36
33 12
5 31
6 17
45 30
14 5
42 30
30 7
25 20
993 70

13 56
192
2 9
9 26
11 30
3 26
4 35
5 25
4 24
9 38
11 49
1 47
6 1
6 6
3 40
1 53
1 17
11 10
6 16
1 15
12 12
12 30
1 8
10 47
1 4
5 15
10 41
11 7
2 33
12 17
2 41
6 25
2 48
6 8
3 2
0 26
2 30
2 35
7 44
1 12
6 31
3 14
4 6
8 0
1 33
8 34
1 35
7 31
4 6
3 7
9 39
12 40
11 54
8 28
0 52
9 12
4 20
1 43
3 47
5 44
0 19
7 14
4 48
6 49
6 43
11 35
7 8
8 15
2 4
9 45
9 32
0 4
5 24
7 10
5 12
4 8
1 55
7 1
0 12
9 1
5 13
1 19
0 14
7 4
6 45
11 31
9 40
6 55
11 3
12 40
12 12
0 36
12 5
7 32
4 18
8 2
4 16
9 37
1 53
8 52
11 54
5 20
7 49
7 49
1 24
1 41
5 38
9 55
9 50
1 50
2 8
6 23
7 32
4 14
3 26
12 34
10 51
11 26
7 10
9 48
10 30
2 21
2 9
7 11
10 36
4 51
0 50
6 9
3 13
5 39
7 20
3 13
12 14
2 8
6 37
2 5
3 32
3 36
2 34
5 2
0 30
9 9
2 23
9 13
9 38
10 16
9 41
5 16
0 40
4 52
12 32
10 41
10 53
10 12
3 46
8 36
11 52
10 10
7 41
5 48
7 50
0 48
5 23
7 2
3 33
5 31
3 1
12 43
3 6
1 55
0 5
12 46
3 26
4 33
11 3
10 39
3 55
4 38
2 18
2 12
9 17
10 35
9 33
9 37
4 46
11 50
4 32
11 3
7 44
12 38
2 0
1 29
10 34
8 3
179 5
