14

1 24
1
0 3
9 7

4 7
3
3 2
1 0
2 4
3 2

6 23
10
5 2
3 11
4 12
5 17
0 20
5 1
2 4
3 18
1 9
3 2
7 15

20 27
10
3 9
12 25
13 25
1 2
16 4
13 6
12 1
4 13
3 10
18 7
3 5

26 14
20
18 8
0 9
7 4
8 13
1 12
13 12
2 5
12 5
19 10
22 4
12 1
9 2
1 10
9 7
9 5
24 0
21 9
12 1
6 0
22 13
7 3

20 16
30
4 1
8 2
9 14
10 10
2 13
0 4
1 4
14 8
2 14
17 8
19 1
0 3
8 15
1 13
0 6
19 10
13 7
17 8
11 15
1 8
15 7
5 12
7 12
11 5
9 4
0 0
18 7
15 6
16 8
4 14
18 11

27 17
30
6 0
4 3
12 1
5 3
18 5
26 6
23 12
15 2
3 4
25 7
17 0
3 13
11 1
23 11
8 6
0 8
20 2
14 2
13 14
6 7
12 0
6 15
15 9
20 0
23 3
12 0
10 11
23 4
2 7
7 1
4 8

25 13
30
0 1
2 11
13 12
17 4
23 5
23 8
13 0
23 10
23 8
14 3
4 11
9 0
2 2
17 12
11 9
4 0
22 5
24 12
5 7
23 12
14 9
12 2
10 0
24 2
4 2
1 10
18 10
7 3
16 9
20 5
7 15

9 28
30
5 5
0 18
0 23
6 11
8 12
2 23
2 3
0 1
4 15
3 6
4 11
5 2
5 23
1 1
0 8
7 10
3 27
6 14
2 14
3 5
5 21
6 17
6 23
4 25
8 13
5 1
3 9
4 21
2 10
4 15
12 8

28 27
40
1 8
7 14
27 16
26 14
22 21
25 6
10 15
0 5
17 2
3 14
7 21
25 20
21 17
9 15
14 17
25 0
26 9
26 22
21 7
16 7
14 25
16 7
2 24
22 8
23 26
25 18
25 13
23 23
1 25
0 16
17 10
9 1
20 15
10 17
1 7
13 15
27 20
8 23
13 6
17 12
11 9

8 1
50
0 0
3 0
1 0
5 0
4 0
2 0
4 0
6 0
2 0
1 0
1 0
0 0
6 0
1 0
3 0
0 0
5 0
1 0
4 0
4 0
2 0
3 0
7 0
1 0
4 0
3 0
6 0
7 0
5 0
4 0
5 0
3 0
7 0
5 0
3 0
0 0
1 0
0 0
1 0
7 0
7 0
6 0
2 0
0 0
3 0
3 0
2 0
5 0
7 0
6 0
1 9

13 29
60
1 1
7 6
4 14
0 15
7 8
1 14
7 8
1 7
2 24
5 1
1 4
1 3
7 7
9 8
0 15
1 0
12 19
3 21
10 20
2 15
8 27
10 11
12 1
8 14
8 23
12 24
2 7
4 19
5 3
2 20
2 25
10 12
4 24
10 23
8 23
0 28
2 11
11 0
4 5
4 0
0 19
0 3
5 2
6 9
9 24
7 8
3 8
2 24
10 1
7 19
3 15
3 18
3 0
2 21
2 14
1 11
12 21
3 24
3 9
3 23
10 1

13 6
70
4 4
8 0
8 3
7 1
4 0
5 2
9 2
8 5
4 0
12 3
11 1
7 5
10 2
8 3
6 3
1 5
4 1
12 5
0 1
12 3
8 0
8 3
0 4
0 3
10 2
8 4
4 5
4 2
1 1
1 0
2 3
12 0
6 3
5 5
12 0
6 1
7 4
10 3
3 4
12 2
5 3
5 3
11 3
4 2
5 1
2 0
3 2
12 1
5 2
7 2
4 1
9 4
0 4
7 1
7 4
4 4
0 4
12 2
11 2
11 2
7 5
8 1
5 5
11 3
3 4
5 1
6 2
3 4
3 5
6 5
13 4

22 28
80
4 2
15 27
21 14
14 25
2 10
9 5
21 24
0 25
20 20
11 26
6 13
9 15
15 7
3 6
21 5
19 14
0 19
7 3
6 22
11 12
11 4
7 7
2 7
16 1
14 6
19 10
15 11
18 18
0 1
5 19
12 16
18 2
1 9
21 17
11 1
4 17
17 25
1 9
0 20
4 18
7 9
11 9
6 15
7 2
5 19
13 11
19 0
11 14
3 27
8 8
14 12
11 23
15 19
7 19
2 5
4 20
13 18
2 24
2 10
19 12
11 4
9 13
6 9
3 18
6 9
14 18
21 22
14 14
14 14
16 4
13 4
3 10
10 2
4 22
7 13
17 26
9 12
15 4
16 7
19 12
11 1
