14

16 20
1
5 10
13 12

18 27
3
6 12
14 14
8 25
7 15

3 11
10
1 7
1 4
2 0
0 5
2 1
1 4
0 3
1 4
1 8
0 8
18 4

8 30
10
5 19
7 27
3 12
3 26
2 20
1 18
3 12
7 11
7 12
3 24
16 5

13 13
20
4 4
3 3
3 11
2 12
4 0
12 8
0 9
6 0
6 0
3 4
11 3
8 6
4 5
0 7
3 9
10 0
9 11
11 8
8 11
8 4
3 3

2 12
30
1 1
1 9
0 9
1 8
0 5
1 3
0 0
1 4
1 11
1 6
1 6
1 5
0 11
1 1
1 5
0 2
0 1
0 5
1 3
1 5
1 10
0 0
0 1
1 10
1 11
1 8
0 9
1 9
0 9
0 8
1 3

9 14
30
2 11
6 3
4 5
5 13
6 4
8 6
1 12
6 3
2 8
4 12
1 6
6 6
6 12
4 11
1 9
0 1
1 4
1 10
7 1
1 2
7 13
8 7
3 1
7 3
8 2
2 2
8 7
6 4
0 6
3 10
4 2

5 2
30
3 0
0 1
0 1
1 0
0 1
3 0
3 0
3 0
4 0
4 1
4 1
1 1
3 0
1 1
1 0
4 1
2 0
1 0
0 0
4 0
3 1
1 0
0 1
0 1
3 0
3 0
2 0
2 0
2 1
4 0
15 12

14 9
30
12 8
7 7
12 1
13 5
12 2
9 7
0 5
10 4
10 0
9 5
10 3
1 8
12 0
6 8
2 4
4 1
3 0
2 4
10 2
5 7
4 6
8 4
1 1
10 6
5 5
2 3
3 7
6 6
13 6
8 7
17 15

23 19
40
11 10
8 15
2 15
4 0
3 16
22 14
11 14
22 12
9 8
21 14
15 4
9 11
4 3
18 2
14 4
8 0
11 2
2 12
1 4
11 2
7 10
13 7
0 4
6 11
15 3
4 2
22 13
13 11
3 2
4 3
12 18
9 11
6 0
1 8
1 18
16 4
22 7
3 2
22 18
13 2
1 9

8 20
50
4 8
7 13
2 8
2 0
4 16
3 12
0 17
7 3
0 15
6 14
4 11
1 3
5 12
4 17
5 14
0 19
2 13
0 18
7 3
3 2
6 5
3 6
7 2
2 0
5 13
0 13
5 13
1 14
5 12
4 0
4 6
0 14
6 9
3 6
5 7
3 12
4 9
3 7
3 14
5 7
4 9
6 2
2 12
6 9
7 3
7 9
2 19
3 14
1 17
4 4
6 13

10 30
60
5 14
1 11
2 6
5 7
5 9
7 26
6 4
8 8
7 25
4 8
7 13
8 21
4 25
8 13
0 2
9 22
0 19
0 28
8 25
4 24
9 23
8 6
3 9
7 23
1 2
2 13
2 11
4 8
3 18
6 17
0 6
3 20
0 10
4 26
2 24
6 28
8 17
5 9
7 28
9 3
0 10
5 0
1 19
8 5
9 14
1 0
1 22
0 2
1 10
8 16
1 21
5 29
1 0
7 10
3 1
6 10
7 28
8 8
5 11
9 11
5 13

6 5
70
1 0
5 4
1 1
2 0
0 4
3 1
1 2
1 4
5 4
1 2
4 2
0 1
4 2
5 2
2 4
5 3
3 2
3 0
0 0
2 1
2 4
2 0
4 4
4 0
0 4
4 0
3 0
5 3
5 0
4 0
2 3
5 4
4 3
5 1
1 4
1 3
4 0
2 3
4 0
5 1
1 1
0 3
0 0
1 3
5 1
2 2
1 4
0 0
3 4
4 3
3 2
4 3
0 4
5 1
1 1
0 1
0 1
0 2
3 2
4 0
3 0
2 1
1 4
2 0
0 3
3 0
0 0
4 1
0 1
4 3
4 1

20 10
80
17 1
5 0
18 3
2 5
11 7
12 3
12 2
4 5
6 5
10 6
8 1
19 4
7 7
5 7
16 2
18 8
18 6
4 3
11 0
6 0
19 5
9 9
0 5
8 5
15 1
18 1
6 2
16 0
13 2
16 4
3 5
5 2
4 6
11 2
17 5
4 6
4 5
8 2
1 8
2 2
10 3
4 0
5 1
1 0
10 5
7 6
10 4
4 7
17 1
9 4
1 4
9 1
6 5
18 6
8 8
7 0
3 7
10 8
8 9
10 1
4 4
3 9
18 2
19 1
19 0
5 7
11 8
19 7
3 6
1 7
6 4
3 3
13 4
8 9
14 4
8 8
7 6
14 3
11 9
18 1
13 7
