14

24 22
1
16 10
3 1

16 21
3
10 11
3 8
5 6
14 2

6 28
10
0 20
1 20
3 10
0 20
0 15
1 25
0 17
0 0
2 15
2 14
13 9

29 6
10
11 5
4 1
11 2
18 2
18 0
24 2
26 4
1 4
27 4
0 2
12 6

26 24
20
9 12
18 20
25 22
7 4
20 2
5 21
23 13
3 2
22 1
8 2
2 15
3 6
13 5
22 2
9 8
12 20
4 21
9 20
20 12
5 21
8 5

22 5
30
21 0
12 1
6 1
0 0
18 3
8 3
7 4
19 3
14 0
12 3
3 4
15 0
10 0
1 4
1 0
8 1
6 4
8 3
2 0
12 0
6 3
4 4
9 2
11 0
17 0
21 2
13 1
12 4
10 3
10 2
18 10

9 4
30
2 0
5 2
3 0
5 3
5 1
8 2
7 0
6 2
1 3
7 1
8 2
5 1
6 3
1 3
7 1
0 1
2 3
2 3
0 0
8 3
3 3
0 1
4 1
2 3
8 0
2 1
5 1
8 0
2 2
5 1
1 14

7 10
30
3 5
2 9
1 0
0 8
0 2
6 9
6 3
6 0
2 5
0 3
3 5
2 2
4 6
3 1
5 3
1 1
6 5
6 8
3 8
4 4
3 8
5 4
6 1
5 9
6 4
3 0
3 1
5 0
3 0
0 0
6 4

27 4
30
23 3
2 3
14 2
21 3
10 0
15 3
6 0
23 1
3 3
13 0
6 2
12 0
9 1
18 0
15 3
11 3
26 1
14 1
8 0
10 0
23 0
13 2
9 2
22 1
23 1
16 1
9 0
10 3
13 1
17 0
16 1

21 11
40
7 1
0 9
14 1
2 2
15 1
16 7
6 8
2 4
1 9
19 6
7 0
3 3
18 2
10 3
13 8
4 8
16 3
9 3
4 4
5 6
11 1
4 2
17 3
9 10
3 4
20 7
5 9
5 7
14 6
3 9
16 1
16 5
0 6
18 10
17 6
2 10
18 1
19 9
7 5
2 8
17 5

13 22
50
2 21
11 6
3 17
1 4
5 20
6 1
3 21
4 15
2 16
0 5
0 5
11 12
11 13
7 15
1 7
8 9
10 17
6 9
11 11
10 7
10 0
7 0
7 9
11 5
9 20
0 5
5 19
5 1
5 18
0 19
9 6
8 6
0 20
3 15
5 2
4 13
5 19
7 15
3 21
6 10
6 12
5 12
0 10
3 0
7 3
3 15
10 7
0 17
10 9
10 7
20 13

18 22
60
1 8
2 12
8 10
0 13
4 8
6 16
7 0
9 17
10 11
12 12
1 16
14 0
7 19
15 4
12 5
4 3
17 16
6 21
6 3
6 17
9 8
5 10
3 11
5 12
17 4
6 2
0 7
2 16
11 8
13 2
4 1
10 1
9 15
9 3
9 16
6 20
8 20
12 4
13 7
15 5
3 14
12 12
7 6
10 5
14 14
3 11
14 0
12 4
17 2
1 10
16 16
5 19
10 7
16 6
12 3
13 16
6 12
8 8
0 4
13 4
4 1

25 1
70
8 0
18 0
12 0
17 0
12 0
17 0
13 0
3 0
4 0
13 0
7 0
24 0
0 0
18 0
16 0
8 0
16 0
18 0
1 0
13 0
21 0
17 0
16 0
8 0
14 0
11 0
14 0
23 0
19 0
13 0
5 0
19 0
6 0
23 0
21 0
23 0
24 0
4 0
18 0
15 0
5 0
9 0
13 0
11 0
2 0
1 0
20 0
3 0
21 0
19 0
7 0
17 0
4 0
13 0
21 0
13 0
19 0
23 0
6 0
5 0
16 0
19 0
11 0
24 0
8 0
8 0
3 0
18 0
9 0
3 0
11 3

19 6
80
14 1
7 4
6 0
14 3
7 3
7 0
15 1
18 2
15 5
7 1
17 4
0 4
7 3
1 1
3 5
15 1
6 5
14 5
9 0
2 5
8 1
16 0
0 4
12 3
0 5
12 5
0 0
7 0
13 2
5 3
5 4
1 5
16 5
16 1
9 1
13 3
2 5
8 5
0 3
1 0
8 1
13 3
9 3
16 2
9 0
0 5
15 5
3 0
10 2
6 1
13 2
16 4
4 2
4 5
6 1
10 1
17 2
14 3
6 5
18 0
7 0
9 2
8 3
13 4
14 4
5 1
7 2
14 3
10 2
18 4
4 0
3 3
9 2
14 5
11 3
13 0
12 0
3 2
2 4
7 5
15 1
