15

21 20
83
4 14
9 11
10 9
12 19
20 5
15 17
9 13
17 17
8 6
6 18
19 13
4 7
18 0
5 5
14 2
1 18
19 15
17 2
12 17
9 18
10 18
0 6
20 8
11 3
17 11
1 11
14 2
12 10
10 0
15 9
4 5
5 17
3 16
20 13
18 14
5 11
18 7
8 19
13 17
8 8
10 1
9 2
1 10
4 16
4 6
12 11
2 19
14 4
13 3
3 3
9 16
6 2
7 10
14 6
14 11
17 12
13 5
20 3
17 2
16 13
13 3
10 11
2 13
8 18
14 4
7 10
14 4
0 13
15 6
16 11
17 18
2 12
9 19
19 17
20 10
7 10
7 10
11 5
7 15
0 13
1 15
12 9
5 6
185 185

87 64
58
36 31
31 16
73 46
5 55
9 7
62 35
81 10
72 52
13 12
61 47
26 63
28 6
41 2
25 40
32 7
5 35
52 42
9 56
13 6
58 52
17 30
55 57
83 34
73 29
56 26
16 46
58 33
1 27
14 16
67 51
37 28
43 63
3 10
82 17
4 60
58 3
45 57
47 52
30 26
12 59
16 53
84 61
79 21
76 4
56 43
62 57
27 54
33 48
85 41
74 51
51 37
35 44
64 8
18 49
85 12
7 48
9 53
54 38
94 94

114 29
110
31 25
70 10
26 22
83 19
59 22
95 20
63 9
39 17
48 7
24 22
14 3
10 13
67 27
89 13
26 22
32 13
64 4
59 20
109 1
53 28
46 15
29 5
41 10
21 22
56 0
18 5
36 8
66 5
88 4
87 7
112 7
48 21
57 11
16 11
93 18
73 11
92 7
42 16
96 25
10 6
88 0
112 6
70 2
15 7
64 10
107 23
30 5
112 4
13 15
78 28
27 22
108 25
42 22
44 2
105 0
37 25
7 16
56 28
30 5
12 11
28 25
95 13
78 24
14 17
28 6
51 9
23 3
111 28
7 3
96 24
80 1
38 16
2 1
84 20
79 0
100 26
47 8
82 10
107 13
19 15
74 22
93 20
63 0
77 27
65 14
102 4
40 7
80 5
61 8
51 18
11 11
104 6
39 15
103 26
44 17
5 17
108 9
22 26
26 18
113 0
43 22
15 5
13 21
63 4
64 15
94 18
1 15
49 6
97 17
40 0
19 19

154 118
144
71 35
30 5
10 92
147 105
45 51
38 36
41 86
16 71
150 89
55 101
121 46
89 48
135 112
11 76
43 114
142 74
36 21
110 97
82 60
12 92
88 109
55 68
44 14
149 14
73 88
6 39
59 82
25 8
110 92
25 13
108 36
94 38
78 73
11 10
2 33
10 55
104 67
43 101
4 0
19 89
152 112
25 63
142 70
37 63
2 76
16 88
53 114
12 30
49 4
10 78
7 103
15 22
104 67
100 96
63 36
6 84
101 48
19 88
22 8
60 107
58 63
10 43
28 37
18 84
75 2
82 116
143 54
108 12
131 115
132 41
145 50
18 84
93 46
14 110
129 39
17 29
99 18
44 60
124 86
1 42
69 110
50 46
118 5
120 23
108 2
137 20
33 5
149 111
64 42
117 93
34 22
134 18
139 34
53 92
26 23
45 14
149 58
138 0
16 85
145 65
94 105
35 96
68 111
4 70
28 40
14 53
149 25
21 31
10 20
74 56
108 117
4 60
111 90
31 84
22 114
129 81
63 24
28 39
147 6
109 113
39 88
92 98
16 99
23 89
55 74
144 110
37 54
131 72
133 85
15 79
114 36
69 25
77 47
6 90
4 95
47 1
71 61
34 112
61 23
62 103
95 52
55 60
4 107
69 111
70 70

121 101
46
115 3
26 95
35 38
40 71
96 38
87 55
39 93
56 72
29 91
25 67
38 22
6 29
114 95
22 59
115 9
50 46
41 7
7 43
36 27
79 1
104 70
9 23
87 81
21 10
52 73
85 45
43 80
111 74
118 93
120 35
23 74
90 71
116 26
25 26
104 4
50 97
29 19
97 62
17 82
69 14
92 8
18 22
47 97
12 55
18 33
54 37
56 56

72 167
32
68 61
19 77
43 154
16 65
22 122
14 26
71 50
42 27
25 142
42 18
41 88
22 166
11 111
7 90
42 7
49 155
27 113
47 128
39 17
38 139
61 127
65 109
54 157
39 142
52 47
1 70
52 117
39 70
3 45
21 156
58 116
57 43
9 9

66 160
57
41 131
40 39
20 119
17 131
40 106
15 34
7 40
53 49
1 43
13 108
8 39
47 43
52 97
1 24
63 104
40 77
10 38
14 146
44 123
6 155
29 115
53 61
2 14
54 90
58 78
15 123
4 16
11 62
6 54
29 113
48 17
56 153
3 119
3 139
2 142
42 41
10 37
15 65
28 53
15 113
51 72
17 75
28 134
27 9
4 131
53 51
21 63
16 52
57 136
21 47
2 152
34 0
55 154
40 133
57 123
62 122
7 117
186 186

66 172
67
34 37
21 170
53 36
4 55
61 131
65 155
36 100
0 161
44 142
61 44
41 78
15 99
12 50
57 8
14 100
31 166
31 81
21 20
63 7
9 53
61 90
1 144
55 166
14 63
50 29
4 16
23 101
50 12
64 128
53 88
22 4
7 60
19 4
27 12
17 152
64 107
45 105
21 17
28 67
48 38
4 86
18 6
34 64
40 153
47 42
8 37
15 109
64 155
27 116
35 140
35 26
6 151
13 75
27 127
17 113
42 101
0 100
29 143
49 11
54 158
27 90
23 2
49 129
25 8
42 73
45 129
55 157
136 136

185 89
68
155 7
178 77
117 4
111 48
38 58
35 12
28 31
156 55
75 1
147 7
24 40
10 32
18 74
180 79
137 8
167 46
80 30
42 66
176 47
164 26
75 18
100 64
157 44
50 29
167 19
94 58
22 28
49 34
4 53
143 71
15 63
147 10
139 59
129 72
22 8
123 77
23 44
125 81
167 29
94 52
103 56
182 46
108 21
74 10
14 74
134 32
140 7
40 62
75 38
179 16
148 41
39 72
102 56
98 55
118 31
89 61
15 16
44 39
134 24
97 45
49 52
135 24
67 27
20 3
51 87
94 42
67 29
146 8
85 85

47 194
142
33 150
22 141
16 7
13 112
39 150
45 25
42 88
43 42
34 181
21 47
24 95
16 128
39 2
15 146
18 27
0 106
14 112
37 95
5 0
43 63
1 103
9 97
0 73
26 176
19 111
17 95
34 140
19 42
20 158
41 66
33 101
8 136
35 81
38 63
30 82
5 140
0 23
10 193
13 164
30 89
20 80
16 158
36 102
38 114
7 112
2 56
5 112
28 98
16 95
35 113
26 46
11 190
21 125
22 117
23 82
43 112
7 82
42 57
8 71
43 43
28 45
7 14
17 158
28 83
23 136
30 156
4 13
42 39
7 70
16 23
2 42
3 142
30 93
5 133
31 61
15 189
26 101
46 61
3 34
29 125
1 10
4 155
36 22
22 17
24 135
6 158
0 157
8 73
7 83
19 171
32 178
35 38
17 130
11 111
3 114
5 191
34 137
4 193
5 53
45 104
46 6
8 190
8 100
45 143
16 117
7 124
35 142
44 22
14 174
20 20
40 176
0 179
26 28
3 59
34 35
11 170
22 171
41 127
35 149
0 165
33 99
10 92
20 93
10 1
35 188
32 44
39 165
31 17
1 48
19 7
20 128
0 32
16 55
8 169
40 57
17 102
41 113
18 68
31 102
23 16
42 13
25 146
98 98

19 21
98
3 16
11 10
6 20
7 0
9 1
2 2
5 7
2 9
11 3
6 5
8 6
7 10
14 6
2 7
2 5
12 6
4 11
12 1
12 18
3 19
3 7
16 13
7 7
14 11
17 1
2 6
12 16
3 18
7 2
14 0
16 0
17 4
7 16
16 15
13 1
14 15
0 9
1 2
8 16
1 8
10 11
8 0
1 7
12 10
7 16
12 11
2 2
1 3
8 13
4 12
9 0
16 17
5 8
6 5
13 1
8 12
0 7
9 5
10 19
2 0
2 8
7 19
7 5
11 18
7 19
12 17
10 9
17 11
13 13
13 14
0 8
15 6
6 1
9 15
11 16
11 10
9 4
9 1
12 19
7 1
15 9
16 16
7 12
0 11
8 20
10 19
3 9
18 15
11 0
11 6
14 17
4 12
6 3
6 6
18 17
16 16
4 13
16 12
109 109

20 190
113
1 175
5 126
3 125
6 6
4 140
9 113
7 20
6 183
3 48
8 42
5 136
11 120
1 154
14 100
12 70
3 110
2 162
5 157
11 111
8 128
16 58
1 48
7 55
8 21
7 168
8 55
12 136
9 64
7 126
11 73
19 150
8 166
10 168
9 95
16 90
8 114
16 141
7 181
12 61
5 147
8 113
3 135
19 171
19 72
7 175
9 169
19 5
14 9
17 37
14 89
15 172
5 169
9 154
8 163
6 98
13 5
7 154
19 68
12 136
18 122
18 22
2 175
19 98
12 154
0 61
1 84
12 152
19 93
6 51
4 28
9 22
0 163
4 85
10 34
0 68
8 29
5 11
11 128
15 64
17 182
4 121
16 3
8 48
8 111
16 93
0 67
9 145
3 150
1 48
14 104
0 81
15 125
18 175
3 106
4 58
14 188
7 52
18 154
5 4
8 184
0 174
6 104
6 12
13 97
17 146
11 101
12 65
18 147
17 33
2 98
1 161
6 98
15 7
196 196

54 168
66
27 9
45 122
27 16
4 36
17 140
13 108
37 77
38 28
18 5
17 27
50 16
49 151
47 32
30 139
41 49
5 77
37 81
14 89
37 152
45 142
37 110
45 46
14 74
8 148
43 104
37 157
47 110
23 69
8 156
45 53
28 42
24 6
40 133
51 35
11 30
25 73
10 80
25 48
13 105
34 72
2 115
1 23
32 25
31 5
2 141
20 128
3 87
17 75
11 136
28 79
26 158
36 104
7 42
40 67
10 25
9 87
16 69
15 141
12 52
23 99
11 154
8 60
42 119
20 114
8 3
4 72
19 19

45 190
27
0 75
44 66
18 34
37 170
30 164
20 122
10 91
9 169
17 179
11 108
35 61
37 82
39 11
11 32
3 139
19 25
21 35
37 157
14 15
8 6
3 49
30 177
11 139
19 127
35 35
2 27
40 70
63 63

141 120
90
67 42
131 80
116 113
61 39
24 6
91 46
81 35
108 26
69 62
90 107
26 16
86 68
52 105
95 33
32 11
123 18
36 90
85 99
14 49
61 88
69 110
78 47
3 49
85 90
53 81
124 95
5 80
52 40
103 43
41 113
37 18
13 9
25 59
18 98
97 112
17 9
11 108
56 32
82 26
77 115
38 110
127 66
30 9
15 70
54 31
13 88
16 58
66 40
115 57
30 63
39 94
9 52
78 96
100 16
37 12
106 61
114 39
95 41
35 65
121 11
53 64
61 51
119 45
134 71
60 7
62 12
1 2
96 58
120 55
140 49
51 116
45 33
71 69
131 95
114 15
12 33
87 14
21 89
48 76
83 20
119 13
100 24
92 78
70 95
90 22
68 94
76 53
103 49
30 19
129 31
91 91
