15

79 139
71
8 37
77 99
66 50
52 132
37 27
77 94
42 55
57 107
48 101
75 122
3 129
41 8
15 124
58 126
3 2
5 107
63 37
46 111
78 24
61 23
12 101
15 18
4 114
57 130
16 51
74 29
31 109
28 23
58 127
40 131
49 104
71 62
9 29
68 37
63 127
61 61
75 108
57 44
57 53
0 52
13 111
55 94
5 119
29 2
71 58
4 10
52 115
43 55
65 103
0 117
75 63
10 41
46 69
20 85
4 6
34 49
71 18
61 114
4 31
29 36
65 118
28 53
67 98
61 16
18 45
39 137
29 22
33 99
52 55
7 79
47 105
193 193

174 197
109
28 103
9 143
59 118
64 146
2 19
15 147
75 173
125 27
66 143
96 88
171 147
123 11
26 129
23 159
115 14
154 100
69 31
93 50
11 98
171 176
107 124
25 64
108 181
168 41
147 91
65 46
52 104
124 82
142 196
100 135
81 110
13 185
36 114
60 53
59 91
12 173
128 129
145 69
104 74
75 45
120 181
166 40
120 128
35 171
77 23
76 13
161 58
74 11
96 40
21 8
99 136
151 75
67 97
86 127
121 71
142 86
97 67
173 107
104 172
43 109
64 94
143 43
4 1
166 87
39 153
138 77
44 77
114 196
8 113
141 38
27 110
29 16
52 0
87 114
52 174
79 133
166 111
116 18
150 128
62 75
93 10
72 181
98 83
31 33
119 196
86 5
10 9
69 160
53 146
159 4
87 73
24 68
55 23
75 136
125 110
23 78
37 85
114 20
25 48
89 173
142 66
155 59
67 84
107 178
29 169
136 23
128 66
153 32
158 13
121 121

97 198
80
43 24
84 19
78 124
38 58
64 11
22 7
19 32
46 166
92 176
48 104
50 170
75 2
64 174
53 97
18 14
62 13
86 66
86 152
42 57
59 196
50 173
18 143
86 138
12 141
66 14
11 140
91 91
93 116
33 169
42 184
7 177
9 117
40 31
14 171
26 141
39 131
26 101
1 128
65 10
11 190
72 165
78 23
93 186
12 85
36 59
40 114
82 135
88 122
74 118
30 144
53 52
42 191
64 88
41 85
43 61
88 58
71 94
18 47
8 194
61 93
3 141
48 193
28 164
78 117
57 77
85 14
71 76
39 94
38 166
44 101
49 137
95 11
37 24
81 74
48 134
51 156
93 166
67 166
74 90
65 165
127 127

170 169
22
73 142
95 58
12 119
142 41
89 20
163 56
124 73
100 28
167 74
16 155
146 15
17 151
117 95
120 158
27 105
149 113
146 155
106 91
96 83
50 132
142 47
44 143
176 176

82 34
60
70 17
69 6
60 30
15 11
60 22
53 17
0 30
6 30
19 9
38 27
66 1
49 16
11 10
6 19
67 8
1 11
37 12
6 22
63 23
76 32
59 9
65 30
68 26
64 32
16 12
49 19
73 10
43 27
74 12
4 14
68 20
42 16
52 11
4 21
67 14
10 18
29 17
6 17
20 23
53 12
43 4
31 15
53 14
35 5
69 8
60 14
51 17
9 3
63 10
21 17
59 5
9 26
19 1
18 12
17 0
45 7
57 23
73 23
19 1
68 6
180 180

181 159
90
125 111
167 135
71 154
135 149
78 24
113 58
3 97
40 95
38 10
171 133
128 83
131 148
109 68
159 113
88 10
109 132
68 89
12 85
22 58
176 38
46 97
141 87
13 84
121 98
150 35
178 132
171 149
153 26
176 157
45 153
15 5
81 58
98 126
178 72
98 109
86 134
16 112
105 14
134 28
155 11
136 42
160 41
13 122
159 70
128 143
101 21
21 0
28 35
29 65
0 44
98 34
13 22
135 22
134 38
64 120
76 126
23 28
38 130
26 30
53 122
164 86
135 101
22 54
131 13
99 57
168 53
31 92
94 86
34 118
92 148
5 101
15 151
86 121
1 149
143 53
13 154
21 36
66 158
84 68
2 64
76 104
125 157
149 14
112 87
118 106
114 63
122 57
134 43
83 126
28 57
67 67

160 69
44
46 65
34 65
33 36
12 52
116 7
81 25
150 6
20 27
22 31
45 8
112 46
47 52
78 6
86 46
43 45
12 43
58 33
111 60
139 46
54 8
94 60
107 39
136 25
52 25
106 53
35 60
79 11
82 42
105 31
72 7
157 28
77 5
4 60
0 31
63 17
82 31
19 10
85 57
159 49
144 8
122 12
0 34
69 14
22 13
194 194

29 54
70
6 12
4 10
11 32
15 52
10 46
28 22
7 41
21 18
18 36
17 50
16 18
10 43
11 52
18 44
21 43
14 17
1 5
6 48
0 18
12 21
5 50
21 48
6 31
7 36
13 42
16 15
13 14
24 48
25 18
22 22
27 39
6 30
10 35
10 7
15 46
9 15
7 11
22 34
16 24
17 43
20 52
10 50
6 11
24 41
7 18
0 36
16 1
13 24
19 10
15 30
6 6
4 32
13 15
1 13
14 12
8 23
21 52
20 53
10 16
9 8
22 32
25 9
24 35
21 12
22 17
27 21
26 2
17 32
23 41
13 51
35 35

129 65
19
4 38
121 38
42 30
12 25
110 23
99 40
28 63
98 52
71 52
61 12
35 59
64 45
48 5
21 37
105 24
127 11
41 55
18 16
91 8
179 179

70 56
89
38 31
18 54
26 47
0 37
28 20
9 4
52 7
5 13
15 13
21 28
40 26
25 33
20 20
57 28
6 23
64 10
67 40
25 52
29 22
48 17
40 8
68 35
3 13
7 0
11 25
64 36
69 39
68 3
14 38
46 1
1 27
39 55
31 53
8 1
53 8
57 45
38 55
65 23
35 41
38 3
18 45
24 35
35 15
13 14
51 16
50 41
51 37
20 4
40 55
12 5
8 4
17 0
44 6
6 55
53 31
39 26
9 34
53 11
10 52
33 9
53 48
20 25
29 4
4 48
49 48
59 28
38 25
65 10
38 18
0 22
12 10
34 10
51 14
42 7
64 4
64 36
35 0
22 14
54 44
41 30
2 12
20 50
49 2
63 37
47 32
46 46
64 4
68 32
26 6
144 144

45 103
141
43 64
42 20
0 55
5 69
18 77
33 46
15 99
40 60
21 71
15 95
20 35
18 10
32 43
1 77
39 69
3 44
3 10
11 69
42 52
1 38
24 102
7 92
3 48
32 1
30 81
28 2
36 56
21 63
9 87
21 59
22 38
35 75
30 31
17 26
31 21
28 99
29 100
17 47
7 53
0 25
31 1
3 10
1 5
27 54
27 66
21 11
1 47
38 17
9 44
9 79
4 49
14 48
6 69
16 85
7 2
19 70
37 23
39 51
13 71
31 64
31 87
28 6
33 53
42 20
5 21
11 76
13 25
7 22
31 61
42 37
30 80
16 60
9 81
12 81
25 37
38 52
32 61
3 25
37 26
33 64
32 17
32 98
34 71
17 60
3 69
35 73
33 34
42 93
21 5
38 96
11 15
28 77
15 77
0 72
7 94
17 45
38 32
28 52
2 42
36 53
18 70
32 92
25 15
33 40
29 17
34 81
18 81
17 59
24 99
27 2
30 70
19 15
13 36
38 45
31 44
38 6
10 33
23 57
19 75
8 20
44 63
2 102
6 60
1 7
41 5
43 10
36 82
37 74
11 59
27 22
13 32
30 23
14 72
25 8
11 84
7 83
35 41
1 6
28 44
0 72
14 80
102 102

135 100
115
33 42
66 80
39 84
16 96
120 67
125 82
90 44
3 95
108 10
121 15
42 40
104 77
11 83
76 90
121 52
109 3
103 57
62 13
79 45
71 30
93 81
69 35
18 81
102 56
91 35
131 39
101 30
58 84
88 72
97 45
38 22
9 36
116 88
8 9
132 89
49 35
78 59
62 50
120 42
85 27
10 0
30 54
74 41
38 46
19 61
64 86
98 6
3 46
100 15
65 25
101 66
78 77
133 61
110 15
113 93
128 23
11 44
51 27
134 52
109 45
81 59
127 36
56 49
84 50
76 99
102 73
126 38
70 41
56 44
75 93
80 12
83 21
89 24
105 28
92 74
63 22
46 3
87 15
97 22
48 48
134 31
79 84
23 21
39 70
124 97
116 55
129 87
115 47
131 73
94 17
97 33
110 82
70 53
53 90
99 37
93 19
11 7
127 28
72 77
5 45
128 7
49 71
119 91
35 47
24 17
23 98
70 18
103 65
65 77
43 64
110 38
131 54
38 66
62 88
125 57
189 189

52 143
48
11 92
50 15
48 86
13 132
37 80
10 100
35 128
16 40
41 109
23 56
32 80
5 117
22 32
23 54
28 86
11 139
15 38
50 17
35 54
43 102
19 127
34 58
18 82
51 81
29 92
40 25
38 41
31 93
28 20
35 101
8 126
19 17
17 32
21 58
48 26
30 59
48 105
1 106
46 98
24 121
12 126
41 128
43 7
11 0
34 44
29 78
36 17
28 69
102 102

116 29
31
19 16
73 11
5 10
28 0
31 25
87 24
77 23
54 7
9 14
33 8
115 11
86 17
71 1
82 23
21 15
26 10
70 10
79 19
28 12
98 13
93 6
85 22
64 20
101 25
75 8
46 0
29 23
14 22
96 0
89 0
75 12
166 166

150 134
69
36 43
21 107
3 88
95 110
71 105
100 129
9 119
25 110
22 120
20 27
15 108
33 122
125 31
97 112
121 48
58 0
21 20
71 73
110 114
39 99
58 56
48 45
14 115
142 117
125 110
43 124
89 58
45 58
15 30
144 105
1 106
2 15
59 88
123 122
62 82
13 40
95 52
122 90
72 117
122 130
42 103
0 132
10 61
61 94
127 5
67 68
133 63
110 80
61 28
142 58
6 4
69 29
110 132
44 27
93 83
142 29
61 132
75 32
117 4
5 124
37 15
9 50
25 77
61 21
97 28
40 36
139 50
140 33
46 105
50 50
