15

15 70
131
5 50
14 50
11 65
13 19
9 39
13 20
6 66
8 62
1 64
3 7
9 7
7 50
6 49
0 20
8 38
13 41
7 39
5 9
1 2
3 19
9 58
13 19
1 43
14 2
8 55
11 31
11 13
3 17
3 18
4 3
13 40
10 6
10 20
12 62
8 32
11 3
10 65
6 55
3 13
9 57
11 68
11 54
11 29
12 20
4 9
13 60
11 12
5 5
1 56
8 57
12 3
7 5
0 49
11 59
11 30
0 4
9 31
4 64
12 65
4 18
7 36
8 28
8 62
4 36
8 26
9 28
9 56
0 49
7 47
11 5
10 67
8 62
1 57
3 22
13 31
3 13
7 21
5 19
7 5
7 8
6 15
4 25
11 44
6 59
6 39
6 9
2 15
8 35
14 47
4 53
10 68
9 8
1 32
13 21
6 51
3 29
2 44
9 32
10 13
1 33
5 25
13 22
0 8
0 20
10 58
4 56
11 51
6 31
8 11
3 21
10 10
5 48
5 0
14 38
8 9
12 53
8 58
5 22
1 21
1 69
6 42
8 44
6 28
9 31
2 15
13 36
14 56
11 15
14 14
14 0
2 33
146 146

125 16
87
31 15
41 1
45 4
7 4
107 1
71 11
32 14
45 7
44 5
32 4
101 11
10 2
40 13
41 1
102 15
110 15
78 14
19 11
14 1
106 9
58 11
119 10
82 3
118 0
79 10
15 6
41 11
90 8
106 2
99 7
117 15
53 14
29 9
14 5
97 10
47 4
60 10
103 1
98 7
63 1
114 4
56 2
106 7
80 14
21 10
106 15
33 5
81 8
34 1
48 1
16 9
33 15
36 13
113 10
110 9
89 6
82 11
71 10
63 4
4 11
118 3
24 2
101 6
3 1
2 5
104 11
8 7
118 5
3 7
106 0
72 15
3 8
116 7
36 8
98 15
123 15
3 10
14 14
48 2
21 13
100 12
80 8
96 15
40 3
97 3
77 0
53 0
33 33

194 48
101
38 17
26 23
64 1
65 40
134 20
62 0
182 42
59 47
42 38
64 22
151 45
24 3
147 26
72 45
108 0
93 7
145 35
181 39
141 15
87 29
42 44
58 43
173 36
58 35
140 21
155 17
122 33
166 12
44 3
140 37
125 18
56 32
183 8
52 9
185 23
49 43
67 34
49 41
123 10
34 0
47 30
44 5
40 5
100 2
172 32
113 31
113 31
189 40
123 29
185 34
94 5
150 11
37 43
3 44
86 0
120 0
171 34
105 0
28 8
92 39
126 10
58 13
176 28
61 32
142 20
43 1
51 21
100 6
168 47
178 14
18 28
115 42
11 27
151 41
22 46
133 22
27 6
13 12
156 23
62 29
112 16
36 1
150 28
142 20
40 19
25 7
49 7
143 2
122 19
42 15
156 21
110 36
141 36
171 6
74 12
63 17
131 15
141 36
79 27
21 22
163 16
132 132

145 171
88
29 166
56 3
90 68
40 170
115 22
110 73
43 2
103 101
6 162
12 130
68 160
63 167
93 11
42 129
70 77
115 148
132 32
81 155
109 62
91 158
13 116
75 102
144 167
38 17
108 42
44 121
89 13
9 45
77 69
54 95
14 89
74 58
48 153
74 18
65 137
122 115
45 27
97 135
60 143
142 113
115 33
1 40
21 14
35 142
17 50
54 59
143 12
119 97
24 30
38 16
67 26
93 161
58 107
56 78
59 47
123 119
61 121
110 155
74 47
28 42
94 116
143 27
62 84
99 41
48 17
90 40
83 152
28 109
79 11
120 88
100 134
61 144
63 115
133 47
44 156
8 152
142 2
64 134
24 83
75 155
136 25
18 51
94 104
17 91
74 21
51 76
64 116
79 147
51 51

42 148
116
24 60
39 62
1 108
10 82
18 60
19 9
22 136
24 81
27 18
8 122
23 57
32 27
23 90
18 44
19 85
22 2
32 113
14 78
8 104
10 135
14 83
3 15
27 43
37 77
4 0
8 19
40 131
8 27
27 110
36 64
12 142
3 128
36 67
12 115
24 6
14 141
36 41
19 147
12 97
22 39
29 135
8 68
15 59
2 129
24 22
37 68
35 121
26 58
19 32
9 29
41 17
39 9
27 36
11 99
17 29
36 146
9 87
30 55
32 93
20 70
16 62
8 64
6 129
4 6
27 12
22 13
18 49
11 87
41 18
33 19
5 58
19 55
11 132
10 37
4 36
26 123
30 110
34 85
38 74
38 117
5 33
0 49
28 116
23 130
13 19
16 95
35 53
14 147
40 123
6 38
26 126
39 60
19 101
15 101
21 102
28 70
8 0
41 134
15 18
29 71
14 53
39 142
35 145
0 53
16 121
25 12
14 96
7 41
11 89
36 146
17 128
15 92
19 136
18 122
15 64
25 123
27 27

141 185
50
130 182
78 88
96 184
40 129
11 109
18 103
117 132
89 142
34 131
7 86
140 56
70 171
77 32
140 178
28 144
133 123
103 167
49 53
7 74
42 79
82 122
77 160
111 161
139 119
113 157
83 78
87 83
37 114
68 115
131 94
0 59
70 55
90 85
116 172
51 63
101 156
57 116
124 62
106 117
19 124
25 64
22 64
26 97
5 52
90 135
113 78
66 146
59 49
22 45
31 60
10 10

26 67
77
3 50
0 66
14 62
22 57
12 17
8 43
4 10
2 7
10 36
7 42
13 19
9 41
5 41
4 34
10 54
16 8
1 46
5 29
13 3
18 47
22 63
24 14
12 51
2 0
3 7
23 34
19 43
24 56
9 26
20 63
19 23
11 45
16 13
15 30
24 44
15 25
21 38
19 38
9 10
3 28
13 11
9 19
23 7
9 28
20 24
1 7
6 51
25 34
13 16
15 17
5 43
1 31
13 35
17 12
22 22
12 14
6 24
11 38
25 9
20 34
22 10
17 37
15 33
3 3
16 16
1 7
14 60
6 57
2 60
20 24
11 11
13 28
23 56
22 60
8 26
13 24
12 5
81 81

21 192
82
18 0
8 121
11 121
5 72
13 67
2 110
9 15
7 78
1 131
13 49
14 144
13 42
15 42
15 136
13 92
10 38
19 117
0 152
20 153
12 173
3 97
3 97
16 143
19 86
0 11
0 138
8 133
17 21
7 37
18 66
19 108
15 33
18 177
13 162
0 107
9 52
1 137
2 32
11 26
9 189
6 52
14 110
9 148
16 41
16 178
9 145
18 48
20 114
16 2
13 162
1 17
8 86
12 140
13 133
12 124
11 43
15 175
1 122
18 31
14 17
2 86
1 21
2 134
7 158
15 97
8 106
10 116
18 38
18 47
20 142
2 18
13 28
8 39
0 189
4 68
15 115
6 106
14 121
0 56
6 173
7 155
20 16
49 49

199 151
34
2 129
153 92
38 144
190 5
164 135
145 139
136 58
125 55
154 121
48 141
177 41
31 86
184 10
76 48
25 80
180 59
94 131
193 50
116 17
81 52
118 101
160 21
112 60
43 145
35 90
62 66
148 120
49 111
139 29
136 18
114 96
181 43
197 50
89 123
84 84

70 160
103
27 143
23 35
32 2
0 84
59 67
9 84
15 74
45 108
43 37
44 62
30 46
54 153
53 82
10 36
66 64
38 141
56 104
3 135
31 4
19 109
13 25
18 24
34 61
4 84
48 123
13 28
46 63
16 17
8 61
32 152
61 125
40 72
60 41
49 90
29 128
15 95
67 152
14 43
1 99
32 60
31 98
37 28
14 59
15 66
29 149
51 11
39 51
56 64
40 130
19 38
46 79
7 141
38 94
15 114
13 153
5 79
64 14
35 40
16 63
16 79
2 47
10 77
4 24
2 102
9 127
48 33
23 35
49 151
35 105
44 98
10 81
15 74
59 36
10 75
57 88
11 29
40 125
13 59
24 98
57 62
39 92
40 64
18 139
11 111
26 88
52 93
53 99
24 85
5 108
44 134
0 89
57 93
44 81
44 87
1 52
41 142
58 38
4 91
65 131
13 156
4 71
6 42
56 93
84 84

192 96
104
57 64
189 93
73 95
145 94
148 72
45 59
128 4
184 81
142 50
107 74
115 24
91 62
148 53
90 53
148 4
18 65
21 34
6 88
174 83
164 6
156 91
9 42
142 43
149 3
59 92
161 85
75 63
12 4
37 32
37 79
101 19
40 69
126 53
96 29
3 3
180 83
128 47
184 62
40 3
174 31
149 41
47 78
38 19
55 43
57 95
138 55
128 3
102 58
141 30
150 17
181 45
3 25
3 93
42 85
134 39
159 15
81 83
8 9
184 38
100 43
51 5
2 2
61 35
38 61
184 33
175 85
48 69
72 29
78 94
152 22
188 38
143 84
30 53
29 76
189 42
125 32
152 31
176 85
88 95
181 62
147 56
178 33
95 90
174 66
94 70
132 94
116 28
91 83
58 12
167 73
41 38
124 50
134 55
18 89
155 46
163 39
6 13
89 38
89 38
74 20
124 43
58 24
143 64
140 48
171 171

23 123
59
2 22
9 44
21 50
14 113
19 120
20 0
20 33
21 56
19 9
9 111
16 80
2 93
2 49
17 3
19 72
1 93
20 63
6 104
16 12
10 7
17 57
8 82
13 37
8 58
16 33
15 94
14 83
13 57
1 82
6 65
14 76
1 31
20 15
2 44
22 11
17 88
14 41
3 33
6 54
4 98
0 36
6 70
21 37
2 28
21 101
17 4
19 113
9 15
8 12
17 55
4 0
11 77
11 117
3 37
11 39
3 77
11 57
11 41
7 61
69 69

125 16
132
55 2
39 11
110 11
114 0
110 3
84 11
74 0
99 10
6 15
19 12
88 9
82 2
69 5
52 1
101 14
95 2
55 5
70 5
39 12
8 7
49 7
55 15
119 11
108 7
67 10
55 6
55 3
20 13
61 2
20 8
34 13
27 15
53 8
37 4
58 7
44 4
111 11
51 3
19 10
24 12
63 15
69 2
55 6
91 3
21 11
106 2
79 8
22 9
33 7
69 7
55 9
1 1
35 3
60 11
98 15
84 13
120 5
0 5
33 0
68 0
96 0
12 11
74 3
76 5
64 13
119 11
14 11
45 14
115 7
110 4
113 15
57 3
5 0
22 4
69 13
38 3
112 8
84 6
63 4
61 1
72 2
28 15
122 15
87 3
123 1
51 12
21 4
17 12
74 13
86 9
3 5
97 10
66 11
100 9
8 15
49 10
122 12
84 12
95 8
30 1
41 15
37 7
54 8
4 9
47 14
98 10
72 14
5 3
46 8
51 3
20 1
18 0
88 12
103 5
77 6
2 1
77 9
29 1
3 5
29 0
87 3
28 2
24 12
8 0
95 6
48 3
12 0
113 3
102 4
93 10
85 10
123 15
176 176

145 17
145
99 16
31 0
46 6
78 16
125 16
117 16
99 13
87 3
144 13
142 10
102 0
35 12
82 9
50 0
30 3
42 8
108 1
53 13
29 5
129 12
67 16
53 14
70 13
144 15
10 13
0 1
103 6
37 11
105 8
70 13
5 8
109 10
98 5
29 9
58 13
143 11
133 4
22 12
92 6
35 12
80 7
138 7
33 3
113 6
122 11
8 12
123 2
99 16
27 12
24 2
87 7
73 4
115 5
21 7
33 8
6 5
35 12
30 10
80 5
58 7
76 14
106 12
109 4
117 13
84 3
83 15
33 1
22 2
134 11
90 15
11 5
17 5
93 12
68 2
132 1
57 14
48 12
93 12
99 13
72 8
77 5
126 0
134 2
14 2
81 1
97 14
102 8
53 3
105 6
9 0
115 11
127 8
117 12
82 8
61 6
65 2
28 1
51 12
66 1
60 8
91 5
82 14
59 9
21 13
50 7
4 4
106 8
105 14
68 6
31 3
82 9
108 2
89 9
95 10
23 10
107 10
141 9
57 8
16 0
12 4
82 12
23 16
53 2
56 12
54 8
37 1
127 3
135 0
79 6
32 14
127 9
95 12
101 6
45 2
10 3
107 7
41 16
93 13
61 13
115 7
22 15
33 11
56 11
108 13
90 6
190 190

147 167
46
57 3
13 75
40 161
124 36
95 24
111 137
117 156
82 19
90 130
89 127
103 157
46 166
46 8
95 89
81 119
41 5
90 9
81 103
107 162
72 138
89 157
41 14
133 94
125 135
31 84
108 27
14 9
77 74
104 15
19 38
46 51
97 155
126 120
31 124
56 156
56 107
42 130
22 127
97 38
13 126
28 139
47 8
143 19
136 93
77 17
133 106
168 168
