17

9 9
3
4 3
4 4
4 5
3 1

10 10
4
4 4
4 5
5 4
5 5
3 1

14 7
4
8 5
11 6
10 1
5 4
20 1

10 1
40
9 0
1 0
6 0
3 0
3 0
4 0
2 0
0 0
3 0
6 0
8 0
0 0
3 0
2 0
1 0
3 0
4 0
6 0
2 0
4 0
6 0
2 0
4 0
2 0
5 0
3 0
2 0
6 0
0 0
4 0
7 0
4 0
7 0
3 0
9 0
9 0
7 0
0 0
7 0
7 0
17 3

13 10
40
9 3
5 5
6 3
10 8
4 6
3 8
7 8
11 6
1 4
4 4
12 7
1 4
8 3
1 5
4 0
7 0
12 1
9 2
2 8
9 2
6 6
1 3
9 2
11 1
12 4
9 3
5 9
7 1
5 8
5 8
11 8
0 8
0 1
3 4
10 2
0 8
10 0
7 6
4 7
5 2
7 1

4 10
18
0 1
1 0
0 4
2 1
2 5
1 2
0 7
0 6
0 3
1 8
0 4
3 6
1 5
1 6
3 4
1 2
3 9
0 9
6 1

14 9
31
13 4
8 7
7 6
0 2
2 0
4 6
4 2
4 6
11 8
8 8
12 1
6 8
6 4
11 0
8 1
6 3
3 8
6 8
6 7
10 8
12 4
0 2
2 4
2 6
4 1
6 7
2 7
5 3
3 1
4 8
3 5
5 2

15 4
12
0 0
8 1
5 3
1 2
6 3
13 2
8 3
14 2
7 0
6 3
11 0
0 2
7 1

13 4
34
1 2
5 2
12 2
2 3
11 0
0 0
3 3
2 1
7 2
9 3
11 0
12 0
1 2
12 3
6 0
2 1
9 0
5 1
1 3
8 3
11 1
5 3
7 2
8 1
10 3
3 3
4 1
2 0
0 2
2 3
6 3
1 0
10 2
12 0
7 2

7 9
45
6 3
1 6
2 6
3 0
5 8
3 4
0 5
5 8
4 4
3 2
0 2
5 6
0 2
2 7
2 0
0 0
0 7
3 2
2 7
5 0
0 7
4 3
3 1
0 5
5 8
2 7
5 2
6 0
6 3
6 1
0 8
4 0
6 1
1 4
0 5
0 8
5 0
5 5
4 3
2 8
5 8
3 6
3 6
3 1
2 0
15 2

4 2
21
0 0
3 1
0 1
0 1
2 1
1 0
3 0
3 0
0 1
1 0
3 0
1 0
1 1
3 0
2 0
1 1
0 0
1 1
1 0
0 1
0 0
13 3

1 2
46
0 1
0 1
0 1
0 0
0 0
0 0
0 1
0 1
0 0
0 1
0 1
0 0
0 1
0 0
0 0
0 0
0 0
0 0
0 0
0 1
0 1
0 0
0 0
0 1
0 0
0 1
0 1
0 1
0 1
0 1
0 1
0 1
0 1
0 0
0 1
0 1
0 1
0 0
0 1
0 1
0 1
0 1
0 1
0 0
0 0
0 1
1 2

5 2
45
1 1
3 0
3 1
3 0
1 0
4 0
0 1
0 1
2 0
4 0
3 0
3 1
0 1
1 0
3 0
1 1
3 0
4 0
3 0
4 1
3 1
2 1
0 1
0 1
0 0
3 1
0 0
4 0
1 1
1 1
4 0
3 1
3 1
4 0
4 0
4 0
3 1
4 0
3 0
1 0
2 1
2 1
4 1
0 0
0 0
8 1

12 5
26
6 0
5 3
0 1
1 4
4 4
6 0
9 2
0 2
5 3
5 0
5 3
1 0
8 4
4 4
1 2
3 2
7 0
7 0
1 3
9 2
1 2
8 4
0 0
2 0
9 3
6 4
6 4

8 9
1
6 7
10 4

4 13
27
2 1
2 11
0 9
1 10
3 3
3 4
2 0
2 7
1 11
0 0
3 2
2 6
1 12
3 10
2 0
2 7
0 0
1 11
0 7
2 12
3 11
0 12
0 2
0 0
2 12
0 1
2 1
10 3

2 7
15
1 1
1 2
0 4
1 2
0 3
1 5
1 1
1 3
0 5
1 2
0 4
1 1
0 5
0 0
0 3
20 3
