15

20 28
70
8 24
16 0
13 5
13 2
16 16
7 8
15 25
12 17
15 5
14 14
5 16
8 13
13 27
7 25
13 16
6 24
19 19
7 9
12 13
11 1
18 4
0 12
5 3
17 1
11 2
3 25
10 9
7 2
19 17
4 17
4 19
15 22
9 2
2 20
4 25
3 20
13 18
10 24
14 10
14 5
13 8
16 10
11 9
17 8
3 26
8 22
0 3
16 2
19 5
8 11
19 10
17 10
11 4
4 8
2 23
17 22
11 12
8 16
11 16
0 8
17 11
17 18
12 18
15 25
0 7
13 17
18 4
16 1
18 16
6 5
17 2

7 15
63
0 9
4 8
3 4
0 0
1 9
0 10
6 14
5 14
5 0
3 12
0 13
6 9
1 0
5 12
6 2
0 14
1 12
5 7
0 14
2 8
2 10
5 8
2 11
4 12
6 0
3 8
3 9
0 6
5 4
2 4
2 1
6 9
4 13
6 13
2 13
1 9
0 4
2 7
3 0
0 9
5 2
0 4
0 14
2 6
3 6
6 11
3 0
6 0
6 0
3 9
6 1
2 12
5 12
4 7
6 9
1 11
1 5
6 1
0 8
6 9
6 3
2 14
0 12
15 1

18 22
73
8 3
2 4
13 17
2 6
4 15
4 16
4 0
12 7
16 19
10 5
11 9
2 18
9 7
17 19
5 13
2 5
6 9
11 17
0 0
16 2
5 1
4 20
8 1
5 11
3 9
15 10
1 0
1 20
6 18
7 12
8 18
17 16
12 4
11 3
11 13
10 0
8 7
1 8
9 5
15 10
13 20
14 15
0 3
0 19
15 9
1 17
4 16
16 16
12 0
4 0
2 18
7 14
7 0
9 19
17 12
3 14
2 18
11 6
12 7
14 0
10 19
11 15
15 17
8 10
1 0
12 16
8 4
1 20
4 21
13 21
2 19
11 12
6 4
17 5

13 9
82
6 8
4 4
4 7
6 6
3 6
2 1
3 3
9 2
0 4
8 4
4 8
5 1
4 1
4 5
7 3
4 8
12 0
1 7
6 1
8 8
0 7
1 6
6 7
2 8
5 6
7 2
7 7
11 7
7 4
1 5
11 8
9 5
1 4
5 6
8 5
3 0
9 3
3 6
6 6
2 8
10 8
5 2
10 1
6 1
2 6
3 2
7 6
2 4
9 8
3 1
9 7
4 3
3 5
6 0
4 0
6 7
2 8
2 1
3 7
2 5
10 7
3 1
3 8
1 5
12 5
3 1
0 0
7 7
5 2
0 2
11 3
11 8
5 7
5 2
3 2
5 2
9 3
9 2
0 5
2 5
11 7
6 7
11 1

29 11
60
14 7
25 0
18 9
8 8
10 9
2 2
3 3
4 6
1 0
19 0
19 6
11 1
25 8
12 1
1 0
26 7
8 8
18 8
20 8
6 10
12 6
19 8
21 1
15 4
9 7
22 10
18 9
21 6
8 10
12 6
16 5
19 4
7 2
6 2
2 5
13 5
11 6
17 4
16 3
9 7
12 10
2 0
23 6
27 8
17 10
22 9
12 10
22 8
25 10
28 1
26 6
10 6
4 7
21 2
3 4
6 3
21 0
12 1
26 6
7 10
19 1

28 13
96
13 11
17 4
19 10
9 10
16 1
11 2
8 12
19 6
12 8
13 4
16 11
24 8
18 1
1 2
5 9
0 3
10 1
21 6
25 7
5 5
5 10
24 7
5 8
17 0
12 4
5 3
12 5
9 0
2 4
12 8
22 1
6 6
9 10
10 0
9 10
10 8
10 12
0 10
14 3
3 7
7 2
20 4
24 0
27 10
24 11
14 5
20 2
24 10
2 1
16 11
7 5
13 10
1 12
14 10
15 3
7 11
19 9
22 3
17 1
17 11
18 5
25 0
12 12
7 6
9 11
24 8
0 3
18 4
15 1
11 4
19 5
6 4
18 0
0 6
3 9
10 1
25 2
0 3
1 11
23 9
2 2
0 4
11 5
25 9
20 3
9 5
3 10
0 11
18 4
1 3
9 2
7 7
1 10
23 9
8 9
8 0
14 4

1 12
57
0 5
0 5
0 10
0 6
0 4
0 2
0 9
0 8
0 8
0 11
0 7
0 9
0 9
0 11
0 10
0 2
0 8
0 8
0 6
0 5
0 0
0 5
0 9
0 7
0 9
0 5
0 11
0 7
0 4
0 10
0 10
0 9
0 0
0 6
0 7
0 3
0 2
0 1
0 7
0 3
0 5
0 4
0 3
0 10
0 7
0 3
0 8
0 6
0 5
0 0
0 3
0 9
0 11
0 5
0 5
0 11
0 9
17 3

11 6
42
1 3
7 2
8 4
9 1
10 5
2 1
4 5
0 0
1 4
1 4
2 4
2 3
9 4
0 1
10 2
10 2
7 4
4 3
0 2
5 3
4 3
2 0
3 5
9 4
2 0
8 4
8 2
4 2
2 5
8 0
4 3
7 4
8 1
3 5
5 5
6 1
0 2
1 1
6 3
6 3
0 5
7 2
6 1

22 30
71
18 3
8 18
6 29
18 22
0 2
5 4
17 27
14 19
19 29
8 9
18 17
19 19
0 2
20 26
7 6
6 29
15 2
11 15
19 26
21 29
3 11
20 24
20 21
13 28
7 11
7 12
5 14
17 7
6 23
11 14
9 19
11 24
17 23
21 16
13 8
15 11
15 27
0 21
11 12
18 20
10 24
2 1
2 12
14 26
7 20
3 0
12 14
19 12
10 24
21 23
9 4
8 12
21 11
15 15
12 11
18 18
5 4
18 6
4 22
7 28
6 19
18 22
13 3
10 6
18 25
7 18
14 29
1 15
1 29
13 26
20 9
19 2

5 15
89
0 14
1 12
4 3
3 4
3 13
1 9
1 8
2 10
2 12
3 14
2 8
1 3
2 4
2 3
3 0
4 7
0 5
4 10
4 9
4 13
3 13
2 13
0 5
2 7
2 3
2 8
1 4
3 8
1 0
3 4
0 6
3 2
2 2
1 14
1 6
4 9
3 5
3 5
1 7
1 10
1 7
3 13
3 11
3 13
4 10
1 12
1 5
3 11
3 8
4 1
4 1
2 0
3 1
0 2
1 14
0 9
2 4
4 14
4 4
0 10
4 7
2 6
3 12
4 10
4 7
4 12
2 6
1 13
2 12
0 8
4 1
3 6
4 11
0 12
4 0
4 5
4 11
1 6
4 14
3 13
4 3
2 3
4 14
1 6
0 10
2 9
2 5
0 1
3 10
10 1

28 22
54
24 17
15 8
9 10
7 13
1 17
7 17
9 10
9 15
15 20
6 13
20 2
24 20
20 21
17 1
21 5
15 11
23 17
26 17
13 12
18 11
5 2
1 13
18 20
0 1
11 16
19 10
13 3
24 9
21 6
26 14
0 0
27 2
8 6
6 1
4 8
12 10
9 4
25 5
27 16
7 3
7 6
0 12
22 10
8 6
12 16
27 12
20 13
0 2
8 19
4 8
9 17
27 7
19 12
0 2
8 1

23 6
59
3 0
15 2
9 0
10 1
12 0
2 5
8 1
22 3
19 1
1 2
19 2
3 5
5 1
13 1
20 0
8 5
19 5
8 0
19 3
16 0
14 2
16 3
8 3
20 2
11 1
21 3
1 2
4 5
20 4
16 1
7 1
20 5
2 3
18 3
9 0
7 1
10 2
16 1
1 3
17 4
4 1
18 5
8 3
21 5
5 3
9 4
15 1
11 2
2 5
15 1
12 1
13 4
13 0
17 0
10 4
22 1
19 0
20 5
18 3
9 3

25 30
75
22 11
7 29
8 1
15 24
10 23
5 7
16 21
1 0
22 0
16 16
9 2
1 22
22 8
9 1
2 4
15 28
22 14
15 9
14 15
22 23
11 14
4 17
1 26
18 10
18 7
19 27
3 5
12 16
1 21
6 15
21 13
9 12
9 8
14 9
19 11
20 6
5 22
20 16
15 26
13 18
0 25
10 16
22 28
11 21
5 4
18 21
8 26
15 4
4 15
2 25
23 2
24 13
23 24
14 22
20 21
7 25
16 6
7 11
5 8
16 6
2 25
11 15
9 13
14 16
10 11
11 21
3 12
24 13
1 10
8 21
4 8
23 27
16 2
2 20
21 13
17 5

14 18
31
7 8
3 4
0 14
12 8
12 3
1 10
13 5
12 4
12 7
10 11
8 13
10 1
2 15
4 12
5 11
6 0
8 3
4 6
12 1
1 3
6 15
1 7
9 0
8 9
9 15
1 7
1 14
6 11
11 8
9 2
5 2
14 2

21 23
94
8 10
15 16
14 5
18 4
11 5
11 20
19 18
16 17
8 15
16 2
18 16
3 17
18 11
9 16
4 10
16 8
6 6
17 21
11 1
15 2
12 2
4 5
18 13
11 5
1 7
9 18
6 7
0 20
20 0
5 1
17 14
2 3
14 2
17 17
16 1
9 6
16 1
9 22
12 20
4 12
7 6
19 4
15 14
7 3
7 15
0 7
8 3
10 21
4 18
12 3
0 1
4 17
8 4
16 20
17 6
10 7
8 13
14 9
8 11
7 10
10 4
5 0
7 11
13 6
8 5
1 3
4 22
12 5
9 8
6 6
17 17
20 16
14 14
14 19
15 18
12 3
8 21
8 22
2 22
5 11
0 8
10 13
9 20
11 2
20 9
17 6
3 16
12 16
12 15
12 6
15 16
4 21
12 19
1 7
10 1
